0 0.5236486486486488 0.33445945945945954 0.4797297297297297 0.2905405405405405 0.44256756756756754 0.32770270270270274 0.4864864864864865 0.37162162162162177
0 0.7079002079002079 0.49220374220374224 0.6725571725571726 0.3154885654885656 0.5971933471933473 0.33056133056133064 0.6325363825363827 0.5072765072765073
0 0.6587837837837838 0.3209459459459461 0.6047297297297296 0.26689189189189194 0.5675675675675674 0.3040540540540541 0.6216216216216216 0.3581081081081082
0 0.8445945945945946 0.3445945945945947 0.7905405405405406 0.3445945945945947 0.7905405405405406 0.42567567567567577 0.8445945945945946 0.42567567567567577
0 0.918918918918919 0.31756756756756765 0.8648648648648649 0.31756756756756765 0.8648648648648649 0.3716216216216217 0.918918918918919 0.3716216216216217
0 0.75 0.10135135135135145 0.6959459459459459 0.10135135135135145 0.6959459459459459 0.18243243243243254 0.75 0.18243243243243254
0 0.6756756756756757 0.18243243243243254 0.6148648648648649 0.18243243243243254 0.6148648648648649 0.25675675675675685 0.6756756756756757 0.25675675675675685
0 0.4395187870797628 0.5916282135794332 0.38546473302570866 0.5240606460118655 0.3492089650626236 0.5530652603823336 0.4032630191166777 0.6206328279499013
0 0.44594594594594594 0.6554054054054054 0.39864864864864874 0.6554054054054054 0.39864864864864874 0.7094594594594594 0.44594594594594594 0.7094594594594594
0 0.1554054054054055 0.75 0.10135135135135145 0.75 0.10135135135135145 0.8513513513513513 0.1554054054054055 0.8513513513513513
0 0.23243243243243247 0.47432432432432436 0.1594594594594595 0.4378378378378379 0.1121621621621622 0.5324324324324325 0.18513513513513516 0.568918918918919
0 0.3243243243243244 0.4932432432432433 0.2871621621621622 0.4560810810810812 0.25675675675675674 0.48648648648648657 0.2939189189189189 0.5236486486486488
0 0.4375675675675676 0.34000000000000014 0.3781081081081081 0.29540540540540555 0.3489189189189189 0.33432432432432446 0.4083783783783784 0.37891891891891905
0 0.25 0.27702702702702703 0.18918918918918923 0.27702702702702703 0.18918918918918923 0.33783783783783783 0.25 0.33783783783783783
0 0.09459459459459464 0.3310810810810811 0.02702702702702707 0.3310810810810811 0.027027027027027074 0.4189189189189189 0.09459459459459464 0.4189189189189189
0 0.5142124883504193 0.20107176141658903 0.47413793103448276 0.10088536812674742 0.4123951537744641 0.1255824790307549 0.4524697110904008 0.22576887232059653
0 0.6013513513513513 0.08108108108108115 0.5540540540540541 0.08108108108108115 0.5540540540540541 0.12837837837837843 0.6013513513513513 0.12837837837837845
0 0.30717255717255715 0.7614345114345117 0.19147609147609146 0.6953222453222455 0.15862785862785864 0.7528066528066528 0.27432432432432435 0.818918918918919
0 0.42567567567567577 0.837837837837838 0.3885135135135136 0.8006756756756759 0.33108108108108114 0.8581081081081083 0.3682432432432433 0.8952702702702705
0 0.27027027027027034 0.8175675675675675 0.22297297297297308 0.8175675675675675 0.22297297297297308 0.8716216216216216 0.27027027027027034 0.8716216216216216
0 0.38513513513513525 0.9391891891891891 0.3243243243243244 0.9391891891891891 0.3243243243243244 0.9932432432432432 0.38513513513513525 0.9932432432432432