0 0.11333333333333338 0.36666666666666664 0.06666666666666671 0.36666666666666664 0.06666666666666671 0.43333333333333335 0.11333333333333338 0.43333333333333335
0 0.4674509803921568 0.39647058823529413 0.38509803921568625 0.3470588235294118 0.36098039215686273 0.3872549019607843 0.44333333333333336 0.43666666666666665
0 0.7609195402298851 0.5310344827586209 0.6459770114942529 0.48505747126436793 0.6036781609195402 0.5908045977011495 0.7186206896551723 0.6367816091954023
0 0.56 0.5533333333333333 0.52 0.5533333333333333 0.52 0.6133333333333333 0.56 0.6133333333333333
0 0.4866666666666667 0.5133333333333333 0.44666666666666666 0.5133333333333333 0.44666666666666666 0.5666666666666667 0.4866666666666667 0.5666666666666667
0 0.3433333333333333 0.6166666666666667 0.27666666666666667 0.55 0.23999999999999996 0.5866666666666668 0.30666666666666664 0.6533333333333334
0 0.1800000000000001 0.6666666666666666 0.13333333333333341 0.6666666666666666 0.13333333333333341 0.72 0.1800000000000001 0.72
0 0.25666666666666677 0.7633333333333335 0.21333333333333343 0.7200000000000002 0.1866666666666667 0.7466666666666668 0.23000000000000004 0.7900000000000001
0 0.07333333333333343 0.8 0.026666666666666762 0.8 0.02666666666666677 0.8866666666666667 0.07333333333333344 0.8866666666666667
0 0.3733333333333334 0.8 0.30666666666666675 0.8 0.30666666666666675 0.86 0.3733333333333334 0.86
0 0.4600000000000002 0.84 0.38666666666666677 0.84 0.38666666666666677 0.9266666666666666 0.4600000000000002 0.9266666666666666
0 0.6213333333333334 0.8106666666666666 0.5173333333333335 0.7586666666666667 0.49066666666666675 0.812 0.5946666666666667 0.8640000000000001
0 0.76 0.6933333333333334 0.7066666666666667 0.6933333333333334 0.7066666666666667 0.7733333333333333 0.76 0.7733333333333333
0 0.7200000000000002 0.7866666666666666 0.6800000000000002 0.7866666666666666 0.6800000000000002 0.8466666666666667 0.7200000000000002 0.8466666666666667
0 0.7933333333333336 0.7866666666666667 0.7333333333333335 0.7866666666666666 0.7333333333333335 0.8466666666666667 0.7933333333333336 0.8466666666666668
0 0.7733333333333335 0.8866666666666667 0.7133333333333335 0.8866666666666667 0.7133333333333335 0.9466666666666667 0.7733333333333335 0.9466666666666667
0 0.6666666666666669 0.94 0.5800000000000002 0.94 0.5800000000000002 0.9933333333333333 0.6666666666666669 0.9933333333333333
0 0.4949803921568627 0.7614117647058823 0.4859215686274509 0.6436470588235295 0.36764705882352944 0.6527450980392158 0.37670588235294117 0.7705098039215686
0 0.10000000000000007 0.6133333333333333 7.511167034770433e-17 0.6133333333333333 8.001025754429373e-17 0.6933333333333334 0.10000000000000009 0.6933333333333334
0 0.05333333333333343 0.72 8.817456953860943e-17 0.72 9.14402943363357e-17 0.7733333333333333 0.05333333333333343 0.7733333333333333