0 0.64161220043573 0.8750907770515615 0.632171387073348 0.8373275236020334 0.5726216412490923 0.8522149600580974 0.5820624546114743 0.8899782135076253
0 0.6666666666666666 0.7962962962962965 0.6388888888888888 0.7685185185185186 0.611111111111111 0.7962962962962963 0.6388888888888888 0.8240740740740741
0 0.7222222222222224 0.8271604938271605 0.6790123456790125 0.8271604938271605 0.6790123456790125 0.8703703703703703 0.7222222222222224 0.8703703703703703
0 0.8703703703703703 0.7654320987654323 0.7901234567901234 0.7654320987654323 0.7901234567901234 0.8395061728395061 0.8703703703703703 0.8395061728395061
0 0.8580246913580247 0.734567901234568 0.8209876543209876 0.734567901234568 0.8209876543209876 0.7777777777777779 0.8580246913580247 0.7777777777777779
0 0.9197530864197531 0.6975308641975311 0.8580246913580247 0.6975308641975311 0.8580246913580247 0.7530864197530865 0.9197530864197531 0.7530864197530865
0 0.5713200379867047 0.8800569800569802 0.43532763532763535 0.8630579297245965 0.4264007597340932 0.9344729344729347 0.5623931623931625 0.9514719848053184
0 0.5370370370370372 0.8148148148148148 0.4814814814814817 0.8148148148148148 0.4814814814814817 0.8518518518518519 0.5370370370370372 0.8518518518518519
0 0.5493827160493829 0.7469135802469136 0.4876543209876545 0.7469135802469136 0.4876543209876545 0.7962962962962963 0.5493827160493829 0.7962962962962963
0 0.6975308641975309 0.5617283950617284 0.6111111111111112 0.5617283950617284 0.6111111111111112 0.6234567901234568 0.6975308641975309 0.6234567901234568
0 0.808641975308642 0.49382716049382736 0.7283950617283951 0.49382716049382736 0.7283950617283951 0.5555555555555557 0.808641975308642 0.5555555555555557
0 0.30864197530864207 0.43209876543209874 0.24691358024691368 0.43209876543209874 0.24691358024691368 0.4876543209876543 0.30864197530864207 0.4876543209876543
0 0.3580246913580248 0.4074074074074074 0.2962962962962964 0.4074074074074074 0.2962962962962964 0.4506172839506173 0.3580246913580248 0.4506172839506173
0 0.24691358024691368 0.5925925925925926 0.19753086419753096 0.5925925925925926 0.19753086419753096 0.6481481481481481 0.24691358024691368 0.6481481481481481
0 0.2839506172839507 0.5308641975308642 0.234567901234568 0.5308641975308642 0.234567901234568 0.5864197530864198 0.2839506172839507 0.5864197530864198
0 0.42830009496676164 0.6476733143399811 0.41595441595441596 0.5859449192782527 0.35897435897435903 0.5973409306742641 0.3713200379867047 0.6590693257359924
0 0.5246913580246914 0.6604938271604939 0.46296296296296297 0.6604938271604939 0.46296296296296297 0.6975308641975309 0.5246913580246914 0.6975308641975309
0 0.7037037037037037 0.46296296296296297 0.6481481481481481 0.46296296296296297 0.6481481481481481 0.5246913580246914 0.7037037037037037 0.5246913580246914
0 0.759506172839506 0.7795061728395063 0.7041975308641976 0.7380246913580248 0.6545679012345679 0.8041975308641978 0.7098765432098764 0.845679012345679
0 0.7412155745489079 0.738366571699905 0.7070275403608736 0.6870845204178536 0.6642924976258309 0.7155745489078821 0.698480531813865 0.7668566001899335
0 0.8021680216802167 0.7256850346281241 0.7509786208973203 0.6847335140018067 0.7238783498946102 0.7186088527551944 0.7750677506775067 0.7595603733815117
0 0.25925925925925936 0.7037037037037037 0.19753086419753096 0.7037037037037037 0.19753086419753096 0.7654320987654321 0.25925925925925936 0.7654320987654321
0 0.308167141500475 0.6951566951566953 0.2568850902184236 0.660968660968661 0.23884140550807217 0.6880341880341881 0.2901234567901235 0.7222222222222224
0 0.4837037037037038 0.7313580246913581 0.3592592592592594 0.7135802469135804 0.34901234567901246 0.7853086419753088 0.47345679012345687 0.8030864197530866
0 0.38888888888888895 0.8703703703703703 0.3148148148148149 0.8703703703703703 0.3148148148148149 0.9197530864197531 0.38888888888888895 0.9197530864197531
0 0.4197530864197533 0.8024691358024691 0.2901234567901235 0.8024691358024691 0.2901234567901235 0.8580246913580247 0.4197530864197533 0.8580246913580247
0 0.48814814814814805 0.5775308641975307 0.47370370370370357 0.4764197530864197 0.40370370370370356 0.4864197530864197 0.41814814814814805 0.5875308641975309
0 0.8395061728395061 0.623456790123457 0.7839506172839507 0.623456790123457 0.7839506172839507 0.6851851851851853 0.8395061728395061 0.6851851851851853