0 0.6733333333333333 0.5400000000000001 0.6299999999999999 0.49666666666666676 0.5933333333333333 0.5333333333333334 0.6366666666666667 0.5766666666666669
0 0.6 0.7133333333333334 0.5586666666666666 0.6306666666666666 0.4946666666666667 0.6626666666666666 0.536 0.7453333333333333
0 0.7 0.7333333333333333 0.6333333333333333 0.7333333333333333 0.6333333333333334 0.78 0.7000000000000001 0.78
0 0.9066666666666666 0.8266666666666669 0.8333333333333335 0.8266666666666669 0.8333333333333335 0.8866666666666667 0.9066666666666666 0.8866666666666667
0 0.9733333333333334 0.7866666666666668 0.9266666666666666 0.7866666666666668 0.9266666666666666 0.8200000000000002 0.9733333333333334 0.8200000000000002
0 0.9381538461538461 0.679897435897436 0.8986666666666665 0.6573333333333334 0.8482051282051282 0.7456410256410257 0.8876923076923078 0.7682051282051283
0 0.8666666666666667 0.6066666666666669 0.82 0.6066666666666669 0.82 0.6666666666666669 0.8666666666666667 0.6666666666666669
0 0.9533333333333334 0.10666666666666676 0.88 0.10666666666666676 0.88 0.19333333333333344 0.9533333333333334 0.19333333333333344
0 0.8866666666666667 0.19333333333333344 0.8333333333333334 0.19333333333333344 0.8333333333333334 0.2400000000000001 0.8866666666666667 0.2400000000000001
0 0.7294117647058823 0.23764705882352946 0.7188235294117648 0.19529411764705887 0.6717647058823529 0.20705882352941182 0.6823529411764705 0.24941176470588242
0 0.9933333333333333 0.27333333333333343 0.92 0.27333333333333343 0.92 0.3400000000000001 0.9933333333333333 0.3400000000000001
0 0.8466666666666667 0.4066666666666668 0.8133333333333334 0.4066666666666668 0.8133333333333334 0.4466666666666669 0.8466666666666667 0.4466666666666669
0 0.8866666666666667 0.3733333333333334 0.8333333333333334 0.3733333333333334 0.8333333333333334 0.41333333333333344 0.8866666666666667 0.41333333333333344
0 0.76 0.30666666666666675 0.6866666666666666 0.30666666666666675 0.6866666666666666 0.34666666666666673 0.76 0.34666666666666673
0 0.4666666666666667 0.5133333333333333 0.4000000000000001 0.5133333333333333 0.4000000000000001 0.5733333333333334 0.4666666666666667 0.5733333333333334
0 0.5466666666666666 0.5133333333333333 0.5133333333333333 0.5133333333333333 0.5133333333333333 0.5666666666666667 0.5466666666666666 0.5666666666666667
0 0.3000000000000001 0.68 0.27333333333333343 0.68 0.27333333333333343 0.7333333333333333 0.3000000000000001 0.7333333333333333
0 0.5266666666666667 0.7666666666666667 0.42666666666666675 0.7666666666666667 0.42666666666666686 0.8533333333333334 0.5266666666666668 0.8533333333333334
0 0.66 0.62 0.5933333333333334 0.62 0.5933333333333334 0.7133333333333334 0.66 0.7133333333333334
0 0.9933333333333333 0.5 0.8883200000000001 0.48090666666666665 0.8736000000000002 0.5618666666666666 0.9786133333333333 0.58096
0 0.9933333333333333 0.6533333333333335 0.9466666666666667 0.6533333333333335 0.9466666666666667 0.7533333333333335 0.9933333333333333 0.7533333333333335