0 0.4834299917149959 0.20836785418392703 0.4589892294946148 0.11060480530240265 0.36454018227009116 0.13421706710853357 0.3889809444904722 0.23198011599005797
0 0.7852112676056338 0.2992957746478873 0.7394366197183099 0.2535211267605635 0.6866197183098591 0.30633802816901423 0.732394366197183 0.35211267605633806
0 0.5 0.3521126760563381 0.44366197183098594 0.3521126760563381 0.44366197183098594 0.40140845070422543 0.5 0.40140845070422543
0 0.4377464788732394 0.40225352112676066 0.3870422535211267 0.36422535211267615 0.34478873239436614 0.42056338028169016 0.39549295774647886 0.45859154929577467
0 0.47183098591549294 0.4647887323943662 0.40845070422535223 0.4647887323943662 0.40845070422535223 0.5140845070422535 0.47183098591549294 0.5140845070422535
0 0.45774647887323944 0.5492957746478874 0.40140845070422543 0.5492957746478874 0.40140845070422543 0.5915492957746479 0.45774647887323944 0.5915492957746479
0 0.5523943661971831 0.5487323943661973 0.5202816901408451 0.5059154929577466 0.47295774647887334 0.5414084507042254 0.5050704225352114 0.5842253521126761
0 0.6549295774647887 0.5070422535211268 0.5845070422535211 0.5070422535211268 0.5845070422535211 0.5633802816901409 0.6549295774647887 0.5633802816901409
0 0.6126760563380281 0.6549295774647887 0.5563380281690141 0.6549295774647887 0.5563380281690141 0.6901408450704225 0.6126760563380281 0.6901408450704225
0 0.5985915492957746 0.7605633802816901 0.5563380281690141 0.7605633802816901 0.5563380281690141 0.7887323943661971 0.5985915492957746 0.7887323943661971
0 0.5140845070422537 0.823943661971831 0.45070422535211285 0.823943661971831 0.45070422535211285 0.8802816901408451 0.5140845070422537 0.8802816901408451
0 0.6690140845070425 0.823943661971831 0.6056338028169016 0.823943661971831 0.6056338028169016 0.8802816901408451 0.6690140845070425 0.8802816901408451
0 0.7746478873239436 0.7605633802816901 0.7253521126760564 0.7605633802816901 0.7253521126760565 0.823943661971831 0.7746478873239437 0.823943661971831
0 0.8323943661971831 0.687323943661972 0.795774647887324 0.6690140845070424 0.7647887323943663 0.7309859154929578 0.8014084507042253 0.7492957746478875
0 0.6971830985915493 0.7183098591549296 0.6408450704225352 0.7183098591549296 0.6408450704225352 0.7605633802816901 0.6971830985915493 0.7605633802816901