0 0.5933333333333334 0.3400000000000001 0.5033333333333333 0.2500000000000001 0.42333333333333334 0.33000000000000007 0.5133333333333334 0.4200000000000001
0 0.7186666666666668 0.504 0.648 0.3626666666666668 0.5573333333333333 0.40800000000000014 0.6280000000000001 0.5493333333333333
0 0.47333333333333333 5.102694996447305e-17 0.36 4.4087284769304716e-17 0.36 0.08000000000000004 0.47333333333333333 0.08000000000000004
0 0.08000000000000003 0.11333333333333333 1.387933039033667e-17 0.11333333333333333 3.959691317243109e-17 0.5333333333333333 0.08000000000000006 0.5333333333333333
0 0.3781748071979435 0.30323050556983727 0.24491002570694087 0.26868037703513287 0.1542759211653813 0.6182690659811483 0.28754070265638393 0.6528191945158526
0 0.08666666666666677 0.68 8.36841979417358e-17 0.68 9.184850993605148e-17 0.8133333333333334 0.08666666666666677 0.8133333333333334
0 0.27333333333333343 0.6133333333333333 0.12666666666666676 0.6133333333333333 0.12666666666666676 0.8133333333333334 0.27333333333333343 0.8133333333333334
0 0.676 0.6920000000000001 0.6386666666666667 0.6173333333333334 0.5266666666666666 0.6733333333333335 0.564 0.7480000000000001
0 0.8633333333333335 0.5300000000000001 0.7764615384615385 0.5063076923076925 0.7378461538461538 0.647897435897436 0.8247179487179488 0.6715897435897438
0 0.5800000000000002 0.7866666666666666 0.2533333333333334 0.7866666666666666 0.2533333333333334 0.9933333333333333 0.5800000000000002 0.9933333333333333
0 0.19333333333333344 0.8866666666666667 0.08000000000000011 0.8866666666666667 0.08000000000000011 0.9933333333333333 0.19333333333333347 0.9933333333333333