0 0.6 0.29696969696969705 0.5575757575757576 0.29696969696969705 0.5575757575757576 0.33939393939393947 0.6 0.33939393939393947
0 0.40727272727272723 0.31757575757575757 0.3842424242424242 0.27151515151515154 0.34060606060606063 0.2933333333333334 0.36363636363636365 0.3393939393939394
0 0.47878787878787876 0.37575757575757585 0.4303030303030303 0.37575757575757585 0.4303030303030303 0.4303030303030303 0.47878787878787876 0.4303030303030303
0 0.3333333333333334 0.4727272727272727 0.28484848484848496 0.4727272727272727 0.28484848484848496 0.5333333333333333 0.3333333333333334 0.5333333333333333
0 0.4104242424242425 0.5573333333333335 0.38569696969696976 0.5243636363636365 0.36339393939393944 0.5410909090909092 0.38812121212121226 0.5740606060606062
0 0.46424242424242423 0.5866666666666668 0.42060606060606065 0.5648484848484849 0.40242424242424246 0.6012121212121213 0.44606060606060605 0.623030303030303
0 0.3454545454545455 0.6060606060606061 0.3090909090909092 0.6060606060606061 0.3090909090909092 0.6424242424242425 0.3454545454545455 0.6424242424242425
0 0.3818181818181819 0.7333333333333333 0.3333333333333334 0.7333333333333333 0.3333333333333334 0.793939393939394 0.3818181818181819 0.793939393939394
0 0.24242424242424251 0.5333333333333333 0.1818181818181819 0.5333333333333333 0.1818181818181819 0.5696969696969697 0.24242424242424251 0.5696969696969697
0 0.26666666666666666 0.4060606060606061 0.20909090909090908 0.3484848484848485 0.17272727272727273 0.38484848484848483 0.23030303030303034 0.4424242424242425
0 0.3035103510351035 0.21944194419441948 0.24230423042304236 0.21332133213321333 0.23288328832883298 0.3075307530753076 0.2940894089408941 0.3136513651365137
0 0.5151515151515152 0.13333333333333341 0.4666666666666667 0.0848484848484849 0.4212121212121212 0.1303030303030304 0.4696969696969697 0.1787878787878789
0 0.5757575757575758 0.1212121212121213 0.5272727272727272 0.12121212121212127 0.5272727272727272 0.19393939393939402 0.5757575757575758 0.19393939393939402
0 0.42424242424242425 0.42424242424242425 0.29696969696969705 0.42424242424242425 0.29696969696969705 0.4909090909090909 0.42424242424242425 0.4909090909090909
0 0.3393939393939394 0.39393939393939403 0.296037296037296 0.3650349650349651 0.27645687645687644 0.39440559440559453 0.31981351981351985 0.4233100233100234