0 0.1267605633802817 0.06338028169014086 0.03521126760563382 0.06338028169014084 0.03521126760563382 0.176056338028169 0.1267605633802817 0.176056338028169
0 0.5352112676056338 0.09859154929577471 0.4507042253521127 0.0985915492957747 0.4507042253521127 0.1690140845070423 0.5352112676056338 0.1690140845070423
0 0.6690140845070423 0.3169014084507043 0.5633802816901409 0.3169014084507043 0.5633802816901409 0.42253521126760574 0.6690140845070423 0.42253521126760574
0 0.6373239436619719 0.609154929577465 0.5915492957746478 0.563380281690141 0.545774647887324 0.6091549295774648 0.591549295774648 0.6549295774647889
0 0.704225352112676 0.5352112676056338 0.6267605633802817 0.5352112676056338 0.6267605633802817 0.5985915492957746 0.704225352112676 0.5985915492957746
0 0.6690140845070423 0.7394366197183099 0.5915492957746479 0.7394366197183099 0.5915492957746479 0.795774647887324 0.6690140845070423 0.795774647887324
0 0.6690140845070423 0.6690140845070423 0.6056338028169014 0.6690140845070423 0.6056338028169014 0.704225352112676 0.6690140845070423 0.704225352112676
0 0.7464788732394366 0.7464788732394368 0.7112676056338029 0.711267605633803 0.6725352112676057 0.7500000000000001 0.7077464788732395 0.7852112676056339
0 0.8626760563380282 0.7288732394366199 0.8169014084507045 0.683098591549296 0.767605633802817 0.7323943661971833 0.8133802816901409 0.7781690140845072
0 0.971830985915493 0.45774647887323966 0.9014084507042254 0.45774647887323966 0.9014084507042254 0.5281690140845072 0.971830985915493 0.5281690140845072
0 0.8098591549295777 0.8450704225352113 0.7535211267605636 0.8450704225352113 0.7535211267605636 0.8943661971830986 0.8098591549295777 0.8943661971830986
0 0.8014084507042255 0.9760563380281689 0.7887323943661972 0.9507042253521125 0.752112676056338 0.9690140845070422 0.7647887323943663 0.9943661971830987
0 0.9042253521126761 0.9422535211267606 0.8816901408450706 0.8971830985915495 0.8253521126760565 0.9253521126760565 0.8478873239436621 0.9704225352112676
0 0.9929577464788732 0.9577464788732394 0.9225352112676056 0.9577464788732394 0.9225352112676056 0.9929577464788732 0.9929577464788732 0.9929577464788732
0 0.9929577464788732 0.8802816901408452 0.9577464788732394 0.8802816901408452 0.9577464788732394 0.9436619718309859 0.9929577464788732 0.9436619718309859