0 0.23333333333333342 0.7 0.06666666666666676 0.7 0.06666666666666676 0.7933333333333333 0.23333333333333342 0.7933333333333333
0 0.3133333333333334 0.58 0.16000000000000006 0.58 0.1600000000000001 0.6533333333333333 0.3133333333333334 0.6533333333333333
0 0.5300000000000001 0.4566666666666668 0.4066666666666667 0.3333333333333334 0.33 0.4100000000000001 0.4533333333333333 0.5333333333333335
0 0.30666666666666675 0.41333333333333333 0.2666666666666668 0.41333333333333333 0.2666666666666668 0.44 0.30666666666666675 0.44
0 0.36666666666666675 0.46 0.3133333333333334 0.46 0.3133333333333334 0.5 0.36666666666666675 0.5
0 0.1866666666666667 0.4866666666666667 0.060000000000000074 0.4866666666666667 0.060000000000000074 0.5866666666666667 0.18666666666666673 0.5866666666666667
0 0.14000000000000004 0.38666666666666666 4.8169440766462566e-17 0.38666666666666666 5.306802796305198e-17 0.4666666666666667 0.14000000000000004 0.4666666666666667
0 0.23333333333333334 0.30666666666666664 0.17333333333333337 0.30666666666666664 0.17333333333333337 0.36666666666666664 0.23333333333333334 0.36666666666666664
0 0.20000000000000004 0.21333333333333335 0.1333333333333334 0.21333333333333335 0.1333333333333334 0.2733333333333333 0.20000000000000004 0.2733333333333333
0 0.04000000000000007 0.58 7.102951435054649e-17 0.58 7.592810154713589e-17 0.66 0.04000000000000008 0.66
0 0.0651282051282052 0.6989743589743589 0.012820512820512846 0.664102564102564 -0.01179487179487173 0.701025641025641 0.04051282051282063 0.735897435897436
0 0.5066666666666667 0.2800000000000001 0.43333333333333335 0.2800000000000001 0.43333333333333335 0.3200000000000001 0.5066666666666667 0.3200000000000001
0 0.7066666666666667 0.20666666666666675 0.6266666666666667 0.20666666666666675 0.6266666666666667 0.2666666666666668 0.7066666666666667 0.2666666666666668
0 0.52 0.5933333333333334 0.4200000000000001 0.5933333333333334 0.4200000000000001 0.6533333333333333 0.52 0.6533333333333333
0 0.4000000000000001 0.58 0.3733333333333334 0.58 0.3733333333333334 0.62 0.4000000000000001 0.62