0 0.42999171499585753 0.6603148301574151 0.35708367854183937 0.6420878210439106 0.3384424192212097 0.7166528583264292 0.4113504556752279 0.7348798674399337
0 0.3521126760563381 0.5633802816901409 0.29577464788732405 0.5633802816901409 0.29577464788732405 0.6267605633802817 0.3521126760563381 0.6267605633802817
0 0.3028169014084508 0.4788732394366197 0.2464788732394367 0.4788732394366197 0.2464788732394367 0.5563380281690141 0.3028169014084508 0.5563380281690141
0 0.3802816901408452 0.45774647887323944 0.3239436619718311 0.45774647887323944 0.3239436619718311 0.528169014084507 0.3802816901408452 0.528169014084507
0 0.45774647887323944 0.4154929577464789 0.39788732394366205 0.3556338028169015 0.3450704225352113 0.4084507042253523 0.4049295774647887 0.46830985915492956
0 0.5140845070422535 0.4507042253521127 0.4507042253521127 0.4507042253521127 0.4507042253521127 0.5070422535211268 0.5140845070422535 0.5070422535211268
0 0.6901408450704225 0.28169014084507055 0.6056338028169014 0.28169014084507055 0.6056338028169014 0.3943661971830987 0.6901408450704225 0.3943661971830987
0 0.704225352112676 0.711267605633803 0.647887323943662 0.654929577464789 0.5950704225352113 0.7077464788732396 0.6514084507042254 0.7640845070422537
0 0.267605633802817 0.6901408450704225 0.21830985915492968 0.6901408450704225 0.21830985915492968 0.7535211267605634 0.267605633802817 0.7535211267605634
0 0.2690140845070423 0.8830985915492958 0.21971830985915494 0.7845070422535212 0.17183098591549295 0.8084507042253521 0.22112676056338026 0.9070422535211269
0 0.33613217768147347 0.9623510292524378 0.32340195016251355 0.8986998916576382 0.24349945828819067 0.9146803900325027 0.25622968580715055 0.9783315276273024
0 0.23943661971830996 0.9507042253521129 0.18661971830985916 0.897887323943662 0.1478873239436619 0.9366197183098591 0.20070422535211271 0.9894366197183101
0 0.15605633802816898 0.8653521126760565 0.09521126760563378 0.7842253521126762 0.04563380281690139 0.8214084507042254 0.1064788732394366 0.9025352112676058
0 0.10563380281690149 0.6549295774647887 8.06369547325898e-17 0.6549295774647887 8.710515965766386e-17 0.7605633802816901 0.1056338028169015 0.7605633802816901