0 0.7733333333333333 0.54 0.72 0.54 0.72 0.5866666666666667 0.7733333333333333 0.5866666666666667
0 0.5605128205128205 0.5241025641025641 0.5348717948717948 0.48564102564102557 0.49179487179487175 0.5143589743589744 0.5174358974358974 0.5528205128205128
0 0.5733333333333334 0.3133333333333334 0.5 0.3133333333333334 0.5 0.3733333333333334 0.5733333333333334 0.3733333333333334
0 0.5535294117647059 0.20254901960784316 0.5270588235294118 0.1584313725490196 0.40843137254901957 0.22960784313725488 0.4349019607843137 0.27372549019607845
0 0.3186666666666667 0.336 0.30333333333333334 0.29 0.25133333333333324 0.30733333333333335 0.26666666666666666 0.3533333333333334
0 0.3333333333333333 0.23333333333333334 0.28 0.23333333333333334 0.28 0.2733333333333333 0.3333333333333333 0.2733333333333333
0 0.3949333333333334 0.3645333333333334 0.3725333333333333 0.3477333333333334 0.3413333333333334 0.3893333333333334 0.36373333333333335 0.4061333333333334
0 0.36671140939597324 0.4380313199105146 0.294675615212528 0.3876062639821029 0.21574944071588367 0.5003579418344518 0.2877852348993289 0.5507829977628635
0 0.3333333333333334 0.5866666666666667 0.28666666666666674 0.5866666666666667 0.28666666666666674 0.64 0.3333333333333334 0.64
0 0.44 0.52 0.3933333333333334 0.52 0.3933333333333334 0.56 0.44 0.56
0 0.35333333333333333 0.7266666666666667 0.33199999999999996 0.6626666666666666 0.28 0.6799999999999999 0.30133333333333334 0.744
0 0.22752293577981655 0.5949235474006117 0.14923547400611628 0.5714373088685015 0.11547400611620799 0.6839755351681958 0.1937614678899083 0.7074617737003059
0 0.0800000000000001 0.7533333333333333 0.026666666666666762 0.7533333333333333 0.02666666666666677 0.84 0.0800000000000001 0.84
0 0.18769230769230774 0.43487179487179484 0.15179487179487183 0.381025641025641 0.09333333333333331 0.42 0.12923076923076923 0.47384615384615386
0 0.7626666666666666 0.22800000000000006 0.7306666666666666 0.21200000000000008 0.7106666666666667 0.25200000000000006 0.7426666666666666 0.268
0 0.92 0.3333333333333334 0.8886274509803921 0.3254901960784314 0.8776470588235294 0.36941176470588244 0.9090196078431374 0.3772549019607844
0 0.76 0.36666666666666675 0.7066666666666667 0.36666666666666675 0.7066666666666667 0.41333333333333344 0.76 0.41333333333333344
0 0.6490196078431373 0.22392156862745102 0.5611764705882354 0.2019607843137255 0.548235294117647 0.25372549019607854 0.6360784313725489 0.27568627450980404