0 0.5386666666666667 0.44933333333333336 0.48 0.42000000000000004 0.4426666666666666 0.49466666666666675 0.5013333333333333 0.5240000000000001
0 0.76 0.3600000000000001 0.6866666666666666 0.3600000000000001 0.6866666666666666 0.4266666666666667 0.76 0.4266666666666667
0 0.62 0.36666666666666675 0.5533333333333333 0.36666666666666675 0.5533333333333333 0.4266666666666667 0.62 0.4266666666666667
0 0.8794871794871796 0.7041025641025643 0.8364102564102566 0.6753846153846157 0.7902564102564104 0.7446153846153849 0.8333333333333335 0.7733333333333335
0 0.5466666666666666 0.66 0.49333333333333335 0.66 0.49333333333333335 0.7133333333333334 0.5466666666666666 0.7133333333333334
0 0.9133333333333333 0.46666666666666684 0.8133333333333334 0.46666666666666684 0.8133333333333334 0.5933333333333335 0.9133333333333333 0.5933333333333335
0 0.7333333333333335 0.7866666666666666 0.6666666666666669 0.7866666666666666 0.6666666666666669 0.8466666666666667 0.7333333333333335 0.8466666666666667
0 0.6533333333333335 0.86 0.5933333333333335 0.86 0.5933333333333335 0.9066666666666666 0.6533333333333335 0.9066666666666666
0 0.3133333333333334 0.56 0.2533333333333334 0.56 0.2533333333333334 0.6266666666666667 0.3133333333333334 0.6266666666666667
0 0.28 0.19333333333333338 0.2066666666666667 0.19333333333333338 0.20666666666666672 0.2733333333333333 0.28 0.2733333333333333
0 0.86 0.9533333333333334 0.7666666666666668 0.9533333333333334 0.7666666666666668 0.9933333333333333 0.86 0.9933333333333333
0 0.6866666666666669 0.9466666666666667 0.6266666666666668 0.9466666666666667 0.6266666666666668 0.98 0.6866666666666669 0.98