0 0.12184818481848192 0.4881848184818482 0.06508250825082514 0.48250825082508253 0.05511551155115517 0.5821782178217823 0.11188118811881197 0.5878547854785479
0 0.3276923076923077 0.6748717948717949 0.26487179487179496 0.6623076923076923 0.2553846153846155 0.7097435897435896 0.31820512820512825 0.7223076923076923
0 0.3933333333333334 0.6866666666666666 0.34666666666666673 0.6866666666666666 0.34666666666666673 0.7266666666666667 0.3933333333333334 0.7266666666666667
0 0.6533333333333335 0.7866666666666666 0.6000000000000002 0.7866666666666666 0.6000000000000002 0.8333333333333334 0.6533333333333335 0.8333333333333334
0 0.5466666666666669 0.82 0.5000000000000002 0.82 0.5000000000000002 0.86 0.5466666666666669 0.86
0 0.4200000000000001 0.8266666666666667 0.3600000000000001 0.8266666666666667 0.3600000000000001 0.8866666666666667 0.4200000000000001 0.8866666666666667
0 0.5466666666666669 0.9466666666666667 0.4333333333333335 0.9466666666666667 0.4333333333333335 0.9933333333333333 0.5466666666666669 0.9933333333333333
0 0.6333333333333335 0.9666666666666667 0.5866666666666669 0.9666666666666667 0.5866666666666669 0.9933333333333333 0.6333333333333335 0.9933333333333333
0 0.7866666666666668 0.9533333333333334 0.7466666666666668 0.9533333333333334 0.7466666666666668 0.9933333333333333 0.7866666666666668 0.9933333333333333
0 0.38666666666666677 0.47333333333333333 0.3333333333333334 0.47333333333333333 0.3333333333333334 0.5266666666666666 0.38666666666666677 0.5266666666666666
0 0.43333333333333335 0.4866666666666667 0.3933333333333334 0.4866666666666667 0.3933333333333334 0.54 0.43333333333333335 0.54
0 0.5613201320132013 0.53986798679868 0.5562376237623763 0.4890429042904291 0.47702970297029706 0.496963696369637 0.48211221122112213 0.5477887788778878
0 0.58 0.5733333333333334 0.5066666666666667 0.5733333333333334 0.5066666666666667 0.66 0.58 0.66
0 0.35333333333333344 0.6066666666666667 0.3000000000000001 0.6066666666666667 0.3000000000000001 0.66 0.35333333333333344 0.66
0 0.23333333333333342 0.76 0.1800000000000001 0.76 0.1800000000000001 0.82 0.23333333333333342 0.82
0 0.23333333333333342 0.6866666666666666 0.1600000000000001 0.6866666666666666 0.1600000000000001 0.7466666666666667 0.23333333333333342 0.7466666666666667
0 0.26799999999999996 0.6773333333333333 0.24333333333333335 0.6033333333333334 0.18733333333333335 0.6220000000000001 0.212 0.6960000000000001
0 0.12666666666666676 0.6866666666666666 0.07333333333333343 0.6866666666666666 0.07333333333333343 0.7333333333333333 0.12666666666666676 0.7333333333333333
0 0.1600000000000001 0.78 0.10666666666666676 0.78 0.10666666666666676 0.84 0.1600000000000001 0.84
0 0.7733333333333333 0.4266666666666667 0.6933333333333334 0.4266666666666667 0.6933333333333334 0.4866666666666667 0.7733333333333333 0.4866666666666667
0 0.6066666666666667 0.3933333333333334 0.5666666666666667 0.3933333333333334 0.5666666666666667 0.43333333333333335 0.6066666666666667 0.43333333333333335
0 0.5471794871794872 0.34410256410256407 0.5194871794871796 0.3025641025641026 0.4687179487179488 0.33641025641025646 0.4964102564102564 0.377948717948718
0 0.49333333333333335 0.3933333333333334 0.43333333333333335 0.3933333333333334 0.43333333333333335 0.44666666666666666 0.49333333333333335 0.44666666666666666
0 0.4133333333333334 0.36000000000000004 0.37333333333333335 0.36 0.3733333333333334 0.4133333333333334 0.41333333333333344 0.41333333333333344
0 0.29 0.45666666666666667 0.27 0.39666666666666667 0.224 0.41200000000000003 0.24400000000000002 0.472
0 0.2866666666666667 0.2733333333333333 0.21333333333333335 0.2733333333333333 0.21333333333333335 0.35333333333333333 0.2866666666666667 0.35333333333333333
0 0.1666666666666667 0.2733333333333333 0.0666666666666667 0.2733333333333333 0.06666666666666671 0.38 0.1666666666666667 0.38
0 0.23333333333333334 0.12000000000000002 0.16 0.12 0.16 0.18000000000000002 0.23333333333333334 0.18000000000000005
0 0.33743589743589736 0.1538461538461539 0.282051282051282 0.116923076923077 0.25846153846153846 0.1523076923076924 0.31384615384615383 0.18923076923076929
0 0.4474509803921569 0.32980392156862753 0.43568627450980385 0.28274509803921577 0.3525490196078432 0.3035294117647059 0.36431372549019614 0.3505882352941177
0 0.4066666666666667 0.21333333333333337 0.34 0.21333333333333335 0.34 0.26000000000000006 0.4066666666666667 0.2600000000000001
0 0.47333333333333333 0.19333333333333338 0.41333333333333333 0.19333333333333338 0.41333333333333333 0.2400000000000001 0.47333333333333333 0.2400000000000001
0 0.5066666666666667 0.7533333333333333 0.47333333333333333 0.7533333333333333 0.47333333333333344 0.7866666666666666 0.5066666666666668 0.7866666666666666
0 0.2800000000000001 0.7666666666666667 0.24666666666666676 0.7666666666666667 0.24666666666666676 0.8133333333333334 0.2800000000000001 0.8133333333333334