0 0.6133333333333333 0.3733333333333334 0.5466666666666666 0.3733333333333334 0.5466666666666666 0.4533333333333333 0.6133333333333333 0.4533333333333333
0 0.47666666666666657 0.57 0.46133333333333326 0.5239999999999999 0.42533333333333334 0.536 0.44066666666666665 0.582
0 0.4 0.28666666666666674 0.2866666666666667 0.2866666666666667 0.2866666666666667 0.35333333333333333 0.4 0.3533333333333334
0 0.5364227642276423 0.2944715447154472 0.46162601626016264 0.23463414634146337 0.435609756097561 0.2671544715447154 0.5104065040650406 0.32699186991869916
0 0.3133333333333334 0.3933333333333333 0.2666666666666668 0.3933333333333333 0.2666666666666668 0.44 0.3133333333333334 0.44
0 0.3800000000000001 0.42 0.3400000000000001 0.42 0.3400000000000001 0.46 0.3800000000000001 0.46
0 0.30666666666666675 0.5466666666666666 0.2666666666666668 0.5466666666666666 0.2666666666666668 0.5866666666666667 0.30666666666666675 0.5866666666666667
0 0.3600000000000001 0.66 0.32666666666666677 0.66 0.32666666666666677 0.7 0.3600000000000001 0.7
0 0.54 0.49333333333333335 0.5133333333333333 0.49333333333333335 0.5133333333333333 0.5266666666666666 0.54 0.5266666666666666
0 0.6266666666666667 0.4866666666666667 0.5933333333333334 0.4866666666666667 0.5933333333333334 0.5266666666666666 0.6266666666666667 0.5266666666666666
0 0.6733333333333333 0.5533333333333333 0.6266666666666667 0.5533333333333333 0.6266666666666667 0.5933333333333334 0.6733333333333333 0.5933333333333334
0 0.05333333333333338 0.37333333333333335 4.857765636617834e-17 0.37333333333333335 5.3476243562767753e-17 0.4533333333333333 0.05333333333333338 0.4533333333333333
0 0.7700000000000001 0.49666666666666676 0.6900000000000001 0.41666666666666674 0.6433333333333333 0.46333333333333343 0.7233333333333334 0.5433333333333334
0 0.88 0.4800000000000002 0.8066666666666666 0.4800000000000002 0.8066666666666666 0.5666666666666669 0.88 0.5666666666666669
0 0.5613333333333334 0.43600000000000005 0.5120000000000001 0.3373333333333335 0.4506666666666667 0.3680000000000001 0.5 0.4666666666666667
0 0.6866666666666666 0.30666666666666664 0.62 0.24 0.5766666666666665 0.2833333333333334 0.6433333333333332 0.35000000000000003