0 0.461038961038961 0.3831168831168832 0.4155844155844156 0.3831168831168832 0.4155844155844156 0.42857142857142855 0.461038961038961 0.42857142857142855
0 0.6399600399600399 0.3924075924075924 0.628971028971029 0.3044955044955045 0.537062937062937 0.315984015984016 0.5480519480519479 0.40389610389610386
0 0.5974025974025974 0.3701298701298702 0.538961038961039 0.3701298701298702 0.538961038961039 0.42207792207792205 0.5974025974025974 0.42207792207792205
0 0.7855993563958166 0.21600965406275152 0.7160096540627513 0.13647856568210553 0.6649810366624525 0.18112860590736699 0.7345707389955177 0.260659694288013
0 0.9155844155844156 0.3116883116883118 0.8766233766233766 0.3116883116883118 0.8766233766233766 0.35064935064935077 0.9155844155844156 0.35064935064935077
0 0.8766233766233766 0.43506493506493527 0.6818181818181818 0.43506493506493515 0.6818181818181818 0.47402597402597413 0.8766233766233766 0.4740259740259742
0 0.7506493506493507 0.40779220779220793 0.7038961038961038 0.3844155844155845 0.6844155844155844 0.42337662337662346 0.7311688311688312 0.4467532467532469
0 0.8181818181818182 0.3116883116883118 0.7727272727272727 0.3116883116883118 0.7727272727272727 0.3701298701298702 0.8181818181818182 0.3701298701298702
0 0.461038961038961 0.4935064935064935 0.42207792207792205 0.4935064935064935 0.42207792207792205 0.5324675324675324 0.461038961038961 0.5324675324675324
0 0.4805194805194805 0.577922077922078 0.44155844155844154 0.577922077922078 0.44155844155844154 0.6168831168831169 0.4805194805194805 0.6168831168831169
0 0.2987012987012988 0.5714285714285714 0.24675324675324684 0.5714285714285714 0.24675324675324684 0.6558441558441559 0.2987012987012988 0.6558441558441559
0 0.35064935064935077 0.4025974025974026 0.3116883116883118 0.4025974025974026 0.3116883116883118 0.525974025974026 0.35064935064935077 0.525974025974026
0 0.6818181818181818 0.2662337662337663 0.6103896103896104 0.2662337662337663 0.6103896103896104 0.3376623376623378 0.6818181818181818 0.3376623376623378
0 0.5679320679320679 0.2772227772227772 0.4970029970029969 0.17082917082917082 0.4445554445554445 0.20579420579420576 0.5154845154845155 0.31218781218781216
0 0.6038961038961039 0.24025974025974034 0.5584415584415584 0.24025974025974034 0.5584415584415584 0.2987012987012988 0.6038961038961039 0.2987012987012988
0 0.5194805194805194 0.474025974025974 0.487012987012987 0.474025974025974 0.487012987012987 0.5064935064935064 0.5194805194805194 0.5064935064935064
0 0.7207792207792207 0.5584415584415585 0.7085414585414586 0.4972527472527474 0.584915084915085 0.521978021978022 0.5971528471528472 0.5831668331668333
0 0.7987012987012987 0.5000000000000002 0.7597402597402597 0.5000000000000002 0.7597402597402597 0.5324675324675326 0.7987012987012987 0.5324675324675326
0 0.8051948051948052 0.5779220779220781 0.7727272727272727 0.5779220779220781 0.7727272727272727 0.6233766233766236 0.8051948051948052 0.6233766233766236
0 0.8636363636363636 0.551948051948052 0.8344155844155844 0.5227272727272727 0.8116883116883116 0.5454545454545455 0.8409090909090909 0.5746753246753248