0 0.18000000000000005 0.44 0.10666666666666672 0.44 0.10666666666666672 0.5266666666666666 0.18000000000000005 0.5266666666666666
0 0.2800000000000001 0.5733333333333334 0.21333333333333343 0.5733333333333334 0.21333333333333343 0.6533333333333333 0.2800000000000001 0.6533333333333333
0 0.13333333333333341 0.64 0.08000000000000007 0.64 0.08000000000000008 0.7133333333333334 0.13333333333333341 0.7133333333333334
0 0.6733333333333336 0.78 0.5800000000000002 0.78 0.5800000000000002 0.84 0.6733333333333336 0.84
0 0.7466666666666668 0.8933333333333333 0.6600000000000001 0.8933333333333333 0.6600000000000001 0.9533333333333334 0.7466666666666668 0.9533333333333334
0 0.6666666666666666 0.52 0.6066666666666667 0.52 0.6066666666666667 0.5933333333333334 0.6666666666666666 0.5933333333333334
0 0.62 0.3000000000000001 0.52 0.3000000000000001 0.52 0.3800000000000001 0.62 0.3800000000000001
0 0.3000000000000001 0.4066666666666667 0.20666666666666672 0.4066666666666667 0.20666666666666672 0.5066666666666667 0.3000000000000001 0.5066666666666667
0 0.3644224422442245 0.32244224422442247 0.2482508250825083 0.31082508250825086 0.2415181518151816 0.37815181518151825 0.3576897689768978 0.38976897689768986
0 0.19333333333333338 0.32666666666666666 0.14666666666666672 0.32666666666666666 0.14666666666666672 0.36666666666666664 0.19333333333333338 0.36666666666666664
0 0.08666666666666671 0.37333333333333335 0.03333333333333338 0.37333333333333335 0.03333333333333338 0.41333333333333333 0.08666666666666671 0.41333333333333333
0 0.6933333333333334 0.3400000000000001 0.6333333333333333 0.3400000000000001 0.6333333333333333 0.3933333333333334 0.6933333333333334 0.3933333333333334
0 0.7533333333333333 0.3200000000000001 0.7 0.3200000000000001 0.7 0.3800000000000001 0.7533333333333333 0.3800000000000001
0 0.8 0.4200000000000001 0.7466666666666667 0.4200000000000001 0.7466666666666667 0.4866666666666667 0.8 0.48666666666666675
0 0.8533333333333334 0.8133333333333336 0.8066666666666669 0.8133333333333336 0.8066666666666669 0.9066666666666666 0.8533333333333334 0.9066666666666666
0 0.8116260162601626 0.3379674796747968 0.7989430894308944 0.22382113821138214 0.7140650406504065 0.23325203252032523 0.7267479674796749 0.3473983739837399
0 0.6133333333333333 0.2400000000000001 0.56 0.2400000000000001 0.56 0.28666666666666674 0.6133333333333333 0.28666666666666674
0 0.38666666666666677 0.6933333333333334 0.3333333333333334 0.6933333333333334 0.3333333333333334 0.7533333333333333 0.38666666666666677 0.7533333333333333
0 0.46 0.6333333333333333 0.4000000000000001 0.6333333333333333 0.4000000000000001 0.7066666666666667 0.46 0.7066666666666667
0 0.47333333333333333 0.56 0.4200000000000001 0.56 0.4200000000000001 0.62 0.47333333333333333 0.62
0 0.2800000000000001 0.7266666666666667 0.2000000000000001 0.7266666666666667 0.2000000000000001 0.7933333333333333 0.2800000000000001 0.7933333333333333