0 0.3826016260162602 0.5432520325203253 0.3169105691056911 0.4611382113821139 0.2770731707317074 0.4930081300813009 0.34276422764227643 0.5751219512195123
0 0.4533333333333333 0.5 0.3933333333333334 0.5 0.3933333333333334 0.5733333333333334 0.4533333333333333 0.5733333333333334
0 0.5266666666666666 0.5733333333333334 0.47333333333333333 0.5733333333333334 0.47333333333333333 0.64 0.5266666666666666 0.64
0 0.64 0.5333333333333333 0.5333333333333333 0.5333333333333333 0.5333333333333333 0.62 0.64 0.62
0 0.4200000000000001 0.8133333333333334 0.3333333333333334 0.8133333333333334 0.3333333333333334 0.9266666666666666 0.4200000000000001 0.9266666666666666
0 0.46747967479674807 0.8006504065040652 0.41951219512195126 0.7622764227642277 0.3863414634146342 0.8037398373983741 0.43430894308943097 0.8421138211382115
0 0.4066666666666667 0.013333333333333381 0.3466666666666667 0.013333333333333378 0.3466666666666667 0.08666666666666671 0.4066666666666667 0.08666666666666671
0 0.49333333333333335 0.3733333333333334 0.44666666666666666 0.3733333333333334 0.44666666666666666 0.43333333333333335 0.49333333333333335 0.43333333333333335
0 0.7466666666666667 0.5533333333333333 0.7066666666666667 0.5533333333333333 0.7066666666666667 0.6 0.7466666666666667 0.6
0 0.7 0.6333333333333333 0.6533333333333333 0.6333333333333333 0.6533333333333333 0.68 0.7 0.68
0 0.7866666666666666 0.3400000000000001 0.7466666666666667 0.3400000000000001 0.7466666666666667 0.3800000000000001 0.7866666666666666 0.3800000000000001
0 0.78 0.4333333333333334 0.7266666666666667 0.43333333333333335 0.7266666666666667 0.5333333333333333 0.78 0.5333333333333334
0 0.8733333333333333 0.5800000000000002 0.8266666666666667 0.5800000000000002 0.8266666666666667 0.6533333333333335 0.8733333333333333 0.6533333333333335
0 0.82 0.6800000000000002 0.7466666666666667 0.68 0.7466666666666667 0.7533333333333334 0.82 0.7533333333333335
0 0.8414358974358974 0.4781538461538461 0.8322051282051282 0.4043076923076923 0.7887179487179488 0.40974358974358976 0.7979487179487179 0.48358974358974355
0 0.9133333333333333 0.4000000000000001 0.8533333333333334 0.4000000000000001 0.8533333333333334 0.46666666666666684 0.9133333333333333 0.46666666666666684
0 0.8733333333333333 0.5000000000000002 0.8333333333333334 0.5000000000000002 0.8333333333333334 0.5733333333333335 0.8733333333333333 0.5733333333333335
0 0.9666666666666667 0.5666666666666669 0.9066666666666666 0.5666666666666669 0.9066666666666666 0.6533333333333335 0.9666666666666667 0.6533333333333335
0 0.8466666666666667 0.24666666666666676 0.7933333333333333 0.24666666666666676 0.7933333333333333 0.32666666666666677 0.8466666666666667 0.32666666666666677
0 0.9 0.2800000000000001 0.8533333333333334 0.2800000000000001 0.8533333333333334 0.34666666666666673 0.9 0.34666666666666673
0 0.8133333333333334 0.10000000000000009 0.76 0.10000000000000009 0.76 0.17333333333333342 0.8133333333333334 0.17333333333333342
0 0.5066666666666667 0.0933333333333334 0.4266666666666667 0.09333333333333338 0.4266666666666667 0.1666666666666667 0.5066666666666667 0.1666666666666667
0 0.2866666666666667 0.05333333333333336 0.22666666666666666 0.05333333333333336 0.22666666666666666 0.10666666666666672 0.2866666666666667 0.10666666666666672