0 0.8533333333333334 0.42666666666666686 0.7733333333333333 0.42666666666666675 0.7733333333333333 0.5066666666666667 0.8533333333333334 0.5066666666666668
0 0.35333333333333344 0.54 0.3200000000000001 0.54 0.3200000000000001 0.6 0.35333333333333344 0.6
0 0.4626666666666667 0.5480000000000002 0.3880000000000001 0.5106666666666668 0.34933333333333344 0.5880000000000001 0.42400000000000004 0.6253333333333334
0 0.28666666666666674 0.5666666666666668 0.26 0.5400000000000001 0.2166666666666667 0.5833333333333335 0.24333333333333343 0.6100000000000001
0 0.36333333333333345 0.41666666666666674 0.32 0.37333333333333335 0.28333333333333327 0.41000000000000003 0.3266666666666667 0.45333333333333353
0 0.43666666666666676 0.43666666666666676 0.3933333333333333 0.3933333333333334 0.3333333333333333 0.4533333333333334 0.3766666666666667 0.49666666666666687
0 0.5133333333333333 0.4066666666666668 0.44666666666666666 0.4066666666666668 0.44666666666666666 0.48 0.5133333333333333 0.48
0 0.65 0.40333333333333343 0.56 0.3133333333333334 0.5133333333333333 0.36000000000000015 0.6033333333333334 0.4500000000000002
0 0.5133333333333333 0.30666666666666675 0.42 0.30666666666666675 0.42 0.3733333333333334 0.5133333333333333 0.3733333333333334
0 0.41333333333333333 0.3133333333333334 0.31333333333333335 0.31333333333333335 0.3133333333333334 0.4 0.4133333333333334 0.4
0 0.16000000000000006 0.30666666666666664 0.09333333333333338 0.30666666666666664 0.09333333333333338 0.36666666666666664 0.16000000000000006 0.36666666666666664
0 0.11411764705882353 0.5498039215686275 0.09764705882352942 0.483921568627451 0.025490196078431376 0.5019607843137255 0.041960784313725484 0.567843137254902
0 0.3733333333333334 0.64 0.2800000000000001 0.64 0.2800000000000001 0.7 0.3733333333333334 0.7
0 0.7866666666666666 0.6266666666666668 0.6933333333333334 0.6266666666666667 0.6933333333333334 0.6933333333333334 0.7866666666666666 0.6933333333333335
0 0.8933333333333333 0.5066666666666668 0.8533333333333334 0.5066666666666668 0.8533333333333334 0.5466666666666669 0.8933333333333333 0.5466666666666669
0 0.9933333333333333 0.5000000000000002 0.9266666666666666 0.5000000000000002 0.9266666666666666 0.5866666666666669 0.9933333333333333 0.5866666666666669
0 0.98 0.6000000000000002 0.9 0.6000000000000002 0.9 0.6733333333333336 0.98 0.6733333333333336
0 0.92 0.4066666666666668 0.8533333333333334 0.4066666666666668 0.8533333333333334 0.4466666666666669 0.92 0.4466666666666669
0 0.6933333333333335 0.78 0.5666666666666669 0.78 0.5666666666666669 0.8933333333333333 0.6933333333333335 0.8933333333333333
0 0.6933333333333335 0.94 0.6000000000000002 0.94 0.6000000000000002 0.9933333333333333 0.6933333333333335 0.9933333333333333