0 0.66 0.6933333333333334 0.49333333333333335 0.6933333333333334 0.49333333333333335 0.7533333333333333 0.66 0.7533333333333333
0 0.6133333333333335 0.7933333333333333 0.5000000000000002 0.7933333333333333 0.5000000000000002 0.84 0.6133333333333335 0.84
0 0.9 0.8200000000000002 0.7533333333333335 0.8200000000000001 0.7533333333333335 0.88 0.9 0.88
0 0.9733333333333334 0.7333333333333335 0.9 0.7333333333333335 0.9 0.7866666666666668 0.9733333333333334 0.7866666666666668
0 0.9 0.6266666666666668 0.7866666666666666 0.6266666666666668 0.7866666666666666 0.6933333333333335 0.9 0.6933333333333335
0 0.72 0.49333333333333335 0.677948717948718 0.4302564102564103 0.6287179487179488 0.4630769230769231 0.6707692307692308 0.5261538461538461
0 0.7981518151815181 0.22514851485148527 0.6469966996699671 0.21003300330033015 0.6401980198019802 0.27801980198019816 0.7913531353135312 0.29313531353135325
0 0.40333333333333343 0.6366666666666668 0.32666666666666677 0.5600000000000002 0.2733333333333334 0.6133333333333335 0.35000000000000003 0.6900000000000002
0 0.26745098039215687 0.6431372549019607 0.2564705882352941 0.5992156862745097 0.20313725490196077 0.6125490196078431 0.21411764705882352 0.6564705882352941
0 0.38333333333333336 0.7633333333333335 0.28333333333333327 0.6633333333333334 0.2066666666666666 0.7400000000000001 0.3066666666666667 0.8400000000000002
0 0.6733333333333335 0.9266666666666666 0.5346666666666668 0.8573333333333335 0.5026666666666668 0.9213333333333337 0.6413333333333333 0.9906666666666668
0 0.08276422764227642 0.804878048780488 0.02422764227642285 0.758048780487805 -0.012845528455284522 0.8043902439024391 0.045691056910569045 0.8512195121951219
0 0.28512820512820525 0.8076923076923077 0.14538461538461547 0.7797435897435898 0.12717948717948724 0.8707692307692307 0.26692307692307704 0.8987179487179489
0 0.10000000000000009 0.6133333333333333 0.026666666666666738 0.6133333333333333 0.026666666666666745 0.6866666666666666 0.10000000000000009 0.6866666666666666
0 0.1456410256410257 0.5215384615384615 0.08256410256410265 0.47948717948717956 0.044615384615384716 0.5364102564102564 0.10769230769230778 0.5784615384615385
0 0.24594594594594596 0.509009009009009 0.2300900900900901 0.413873873873874 0.09387387387387387 0.43657657657657667 0.10972972972972973 0.5317117117117117
0 0.29333333333333333 0.1866666666666667 0.22 0.1866666666666667 0.22 0.24666666666666667 0.29333333333333333 0.24666666666666667
0 0.3933333333333333 0.14000000000000004 0.2866666666666667 0.14000000000000004 0.2866666666666667 0.21333333333333335 0.3933333333333333 0.21333333333333337
0 0.2426666666666667 0.10800000000000007 0.18666666666666668 0.08000000000000003 0.16266666666666665 0.12800000000000003 0.21866666666666673 0.15600000000000006
0 0.8466666666666667 0.5200000000000002 0.78 0.5200000000000002 0.78 0.5733333333333335 0.8466666666666667 0.5733333333333335