0 0.6133333333333333 0.3133333333333334 0.56 0.3133333333333334 0.56 0.3733333333333334 0.6133333333333333 0.3733333333333334
0 0.6600000000000001 0.7933333333333333 0.6000000000000002 0.7933333333333333 0.6000000000000002 0.8466666666666667 0.6600000000000001 0.8466666666666667
0 0.8133333333333334 0.5533333333333335 0.7 0.5533333333333333 0.7 0.6200000000000001 0.8133333333333334 0.6200000000000002
0 0.72 0.38666666666666677 0.6 0.38666666666666677 0.6 0.5133333333333333 0.72 0.5133333333333333
0 0.6133333333333333 0.5333333333333333 0.52 0.5333333333333333 0.52 0.62 0.6133333333333333 0.62
0 0.6733333333333333 0.66 0.5933333333333334 0.66 0.5933333333333334 0.72 0.6733333333333333 0.72
0 0.47333333333333344 0.7533333333333333 0.38666666666666677 0.7533333333333333 0.38666666666666677 0.8266666666666667 0.47333333333333355 0.8266666666666667
0 0.4866666666666667 0.5866666666666667 0.3800000000000001 0.5866666666666667 0.3800000000000001 0.66 0.4866666666666667 0.66
0 0.4266666666666667 0.3266666666666667 0.31333333333333335 0.32666666666666666 0.3133333333333334 0.4 0.4266666666666667 0.4000000000000001
0 0.3733333333333334 0.37333333333333335 0.24000000000000005 0.37333333333333335 0.2400000000000001 0.46 0.3733333333333334 0.46
0 0.2400000000000001 0.4666666666666667 0.17333333333333337 0.4666666666666667 0.17333333333333337 0.5133333333333333 0.2400000000000001 0.5133333333333333
0 0.29333333333333345 0.5466666666666666 0.16000000000000006 0.5466666666666666 0.16000000000000006 0.6266666666666667 0.29333333333333345 0.6266666666666667
0 0.38 0.22 0.3333333333333333 0.22 0.3333333333333333 0.2733333333333333 0.38 0.2733333333333333
0 0.20666666666666672 0.24 0.14666666666666672 0.24 0.14666666666666672 0.3 0.20666666666666672 0.3
0 0.23333333333333334 0.10000000000000002 0.15333333333333332 0.10000000000000002 0.15333333333333332 0.16000000000000003 0.23333333333333334 0.16000000000000006
0 0.10666666666666672 0.56 0.04666666666666674 0.56 0.04666666666666674 0.62 0.10666666666666674 0.62
0 0.2600000000000001 0.72 0.22000000000000008 0.72 0.22000000000000008 0.76 0.2600000000000001 0.76
0 0.84 0.23333333333333342 0.7466666666666667 0.23333333333333342 0.7466666666666667 0.3333333333333334 0.84 0.3333333333333334
0 0.4953333333333334 0.4073333333333335 0.45133333333333336 0.3926666666666668 0.43600000000000005 0.43866666666666676 0.4800000000000001 0.4533333333333334