0 0.5733333333333334 0.48 0.5266666666666666 0.48 0.5266666666666666 0.5266666666666666 0.5733333333333334 0.5266666666666666
0 0.88 0.7466666666666668 0.8200000000000001 0.7466666666666668 0.8200000000000002 0.8400000000000002 0.88 0.8400000000000002
0 0.6733333333333336 0.8 0.6133333333333335 0.8 0.6133333333333335 0.8466666666666667 0.6733333333333336 0.8466666666666667
0 0.4200000000000001 0.5733333333333334 0.3800000000000001 0.5733333333333334 0.3800000000000001 0.6333333333333333 0.4200000000000001 0.6333333333333333
0 0.3133333333333334 0.5133333333333333 0.24666666666666676 0.5133333333333333 0.24666666666666676 0.5866666666666667 0.3133333333333334 0.5866666666666667
0 0.38666666666666666 0.26 0.34 0.26 0.34 0.3 0.38666666666666666 0.3
0 0.3666666666666667 0.36 0.31333333333333335 0.36 0.3133333333333334 0.41333333333333333 0.36666666666666675 0.41333333333333333
0 0.49333333333333335 0.34666666666666673 0.4533333333333333 0.34666666666666673 0.4533333333333333 0.3800000000000001 0.49333333333333335 0.3800000000000001
0 0.6096 0.21386666666666684 0.5552 0.17306666666666679 0.528 0.20933333333333343 0.5824 0.25013333333333343
0 0.64 0.62 0.6 0.62 0.6 0.6733333333333333 0.64 0.6733333333333333
0 0.6266666666666667 0.7066666666666667 0.5733333333333334 0.7066666666666667 0.5733333333333334 0.7466666666666667 0.6266666666666667 0.7466666666666667
0 0.86 0.5600000000000002 0.7733333333333333 0.56 0.7733333333333333 0.6533333333333334 0.86 0.6533333333333335