0 0.7666666666666667 0.6666666666666666 0.7066666666666667 0.6666666666666666 0.7066666666666667 0.7266666666666667 0.7666666666666667 0.7266666666666667
0 0.8317073170731707 0.63869918699187 0.7829268292682927 0.5996747967479675 0.7341463414634146 0.660650406504065 0.7829268292682927 0.6996747967479675
0 0.9466666666666667 0.4933333333333335 0.8866666666666667 0.4933333333333335 0.8866666666666667 0.5666666666666669 0.9466666666666667 0.5666666666666669
0 0.5066666666666667 0.6066666666666667 0.44666666666666666 0.6066666666666667 0.44666666666666666 0.6533333333333333 0.5066666666666667 0.6533333333333333
0 0.663076923076923 0.6953846153846154 0.6015384615384615 0.6543589743589744 0.5717948717948719 0.6989743589743589 0.6333333333333332 0.74
0 0.6666666666666666 0.6133333333333333 0.5933333333333334 0.6133333333333333 0.5933333333333334 0.6733333333333333 0.6666666666666666 0.6733333333333333
0 0.62 0.4266666666666667 0.5466666666666666 0.4266666666666667 0.5466666666666666 0.49333333333333335 0.62 0.49333333333333335
0 0.49333333333333335 0.10666666666666672 0.37333333333333335 0.10666666666666672 0.37333333333333335 0.2666666666666667 0.49333333333333335 0.2666666666666668
0 0.62 0.14000000000000007 0.5333333333333333 0.14000000000000004 0.5333333333333333 0.28666666666666674 0.62 0.28666666666666674
0 0.66 0.29333333333333345 0.6266666666666667 0.29333333333333345 0.6266666666666667 0.35333333333333344 0.66 0.35333333333333344
0 0.74 0.2533333333333334 0.6733333333333333 0.2533333333333334 0.6733333333333333 0.32666666666666677 0.74 0.32666666666666677
0 0.6733333333333333 0.3800000000000001 0.62 0.3800000000000001 0.62 0.4200000000000001 0.6733333333333333 0.4200000000000001
0 0.42 0.28666666666666674 0.3333333333333333 0.2866666666666667 0.3333333333333333 0.3733333333333334 0.42 0.3733333333333334
0 0.9933333333333333 0.2800000000000001 0.9333333333333333 0.2800000000000001 0.9333333333333333 0.35333333333333344 0.9933333333333333 0.35333333333333344
0 0.7933333333333333 0.11333333333333342 0.7466666666666667 0.11333333333333342 0.7466666666666667 0.17333333333333342 0.7933333333333333 0.17333333333333342
0 0.8720000000000001 0.07066666666666667 0.8413333333333334 0.009333333333333324 0.7426666666666667 0.05866666666666669 0.7733333333333333 0.12000000000000005
0 0.9333333333333333 0.3933333333333334 0.84 0.3933333333333334 0.84 0.46666666666666684 0.9333333333333333 0.46666666666666684