1 0.4362934362934363 0.41237113402061853 0.38996138996138996 0.41237113402061853 0.38996138996138996 0.4793814432989691 0.4362934362934363 0.4793814432989691
1 0.6640926640926641 0.5670103092783506 0.555984555984556 0.5670103092783506 0.555984555984556 0.6443298969072166 0.6640926640926641 0.6443298969072166
1 0.7626275982440365 0.6085298686626183 0.7527899719680541 0.5735065668690864 0.6952451472999417 0.6023160570540885 0.7050827735759242 0.6373393588476204
1 0.6061776061776062 0.7422680412371134 0.5868725868725869 0.7422680412371134 0.5868725868725869 0.7783505154639175 0.6061776061776062 0.7783505154639175
1 0.6525096525096525 0.7731958762886598 0.6254826254826255 0.7731958762886598 0.6254826254826255 0.8092783505154639 0.6525096525096525 0.8092783505154639
1 0.7684339391656464 0.8287654010560725 0.7443262077408419 0.7885340709077195 0.6986533571899425 0.8373145587125974 0.722761088614747 0.8775458888609505
1 0.749034749034749 0.9536082474226805 0.7142857142857143 0.9536082474226805 0.7142857142857143 0.9948453608247423 0.749034749034749 0.9948453608247423
1 0.271969111969112 0.6748453608247423 0.24324324324324328 0.6237113402061857 0.21050193050193053 0.6564948453608249 0.23922779922779927 0.7076288659793816
1 0.18532818532818537 0.5412371134020618 0.10810810810810817 0.5412371134020618 0.10810810810810817 0.6185567010309279 0.18532818532818537 0.6185567010309279
1 0.20077220077220082 0.4484536082474227 0.1544401544401545 0.4484536082474227 0.1544401544401545 0.5 0.20077220077220082 0.5
1 0.21853281853281856 0.4134020618556702 0.2030888030888031 0.37216494845360826 0.16602316602316602 0.39690721649484534 0.1814671814671815 0.43814432989690727
1 0.26640926640926643 0.3865979381443299 0.22779922779922784 0.3865979381443299 0.22779922779922784 0.4381443298969072 0.26640926640926643 0.4381443298969072
1 0.2776061776061776 0.31597938144329907 0.2324324324324325 0.29587628865979393 0.2158301158301159 0.3623711340206186 0.261003861003861 0.3824742268041238
1 0.3791505791505791 0.18762886597938147 0.3613899613899614 0.1402061855670103 0.3351351351351351 0.1577319587628866 0.3528957528957529 0.20515463917525775
1 0.4247104247104247 0.15979381443298976 0.38996138996138996 0.15979381443298976 0.38996138996138996 0.2010309278350516 0.4247104247104247 0.2010309278350516
1 0.4942084942084942 0.08247422680412378 0.416988416988417 0.08247422680412378 0.416988416988417 0.1494845360824743 0.4942084942084942 0.1494845360824743
1 0.555984555984556 0.08762886597938152 0.5173745173745173 0.08762886597938152 0.5173745173745173 0.12886597938144337 0.555984555984556 0.12886597938144337
1 0.8108108108108109 0.14432989690721662 0.752895752895753 0.1443298969072166 0.752895752895753 0.2164948453608249 0.8108108108108109 0.2164948453608249
1 0.8957528957528957 0.06185567010309293 0.861003861003861 0.06185567010309293 0.861003861003861 0.12371134020618571 0.8957528957528957 0.12371134020618571
1 0.7451737451737451 0.35567010309278363 0.6718146718146718 0.35567010309278363 0.6718146718146718 0.4123711340206187 0.7451737451737451 0.4123711340206187
1 0.7876447876447876 0.3762886597938146 0.7567567567567568 0.3762886597938146 0.7567567567567568 0.4175257731958764 0.7876447876447876 0.4175257731958764
1 0.748856548856549 0.244171292624901 0.7041877041877042 0.23671689135606674 0.6997920997920998 0.283663758921491 0.7444609444609446 0.29111816019032527
1 0.5791505791505791 0.3711340206185568 0.525096525096525 0.3711340206185568 0.525096525096525 0.4226804123711342 0.5791505791505791 0.4226804123711342
1 0.528957528957529 0.2989690721649485 0.4826254826254826 0.2989690721649485 0.4826254826254826 0.3505154639175259 0.528957528957529 0.3505154639175259
1 0.47104247104247104 0.309278350515464 0.42084942084942084 0.309278350515464 0.42084942084942084 0.37113402061855677 0.47104247104247104 0.3711340206185568
1 0.3861003861003861 0.2628865979381444 0.3552123552123552 0.2628865979381444 0.3552123552123552 0.31958762886597947 0.3861003861003861 0.31958762886597947
1 0.583011583011583 0.2577319587628867 0.5212355212355212 0.2577319587628867 0.5212355212355212 0.329896907216495 0.583011583011583 0.329896907216495
1 0.11219622984328866 0.8465736810187994 0.09697933227344989 0.7653123104912067 0.018850783556665883 0.7913887204366282 0.03406768112650464 0.8726500909642209
1 0.06177606177606186 0.8917525773195877 0.015444015444015526 0.8917525773195877 0.01544401544401553 0.9432989690721649 0.06177606177606186 0.9432989690721649