1 0.05208333333333335 0.22857142857142856 1.7434207904528292e-17 0.22857142857142856 2.0836004568826494e-17 0.32 0.052083333333333356 0.32
1 0.2361111111111111 0.15428571428571433 0.17708333333333334 0.15428571428571433 0.17708333333333334 0.2171428571428572 0.2361111111111111 0.21714285714285722
1 0.38541666666666674 0.6914285714285714 0.3333333333333334 0.6914285714285714 0.3333333333333334 0.7657142857142857 0.38541666666666674 0.7657142857142857
1 0.0887212643678161 0.5921182266009853 0.027658045977011516 0.5519211822660098 0.011853448275862075 0.6169458128078819 0.07291666666666667 0.6571428571428573
1 0.6755818318318317 0.5794594594594596 0.6596283783783784 0.42193050193050186 0.6230292792792793 0.4319691119691118 0.6389827327327328 0.5894980694980696
1 0.5659722222222222 0.4285714285714287 0.53125 0.4285714285714287 0.53125 0.502857142857143 0.5659722222222222 0.502857142857143
1 0.2881944444444444 0.4228571428571429 0.2534722222222222 0.4228571428571429 0.2534722222222222 0.4685714285714286 0.2881944444444444 0.4685714285714286
1 0.3505634171907756 0.17638814016172502 0.33405398322851143 0.08129380053908357 0.3033280922431865 0.09574123989218332 0.3198375262054507 0.19083557951482477
1 0.4201388888888889 0.23428571428571437 0.3472222222222222 0.23428571428571437 0.3472222222222222 0.2971428571428572 0.4201388888888889 0.2971428571428572
1 0.813568376068376 0.3516483516483517 0.7646901709401709 0.29802197802197816 0.7438568376068376 0.3494505494505496 0.7927350427350426 0.4030769230769231
1 0.9930555555555556 0.38285714285714295 0.9513888888888888 0.3142857142857142 0.8975694444444444 0.4028571428571429 0.9392361111111112 0.4714285714285717
1 0.875 0.5485714285714287 0.8472222222222222 0.5485714285714287 0.8472222222222222 0.6057142857142859 0.875 0.6057142857142859
1 0.8576388888888888 0.7085714285714287 0.8298611111111112 0.7085714285714287 0.8298611111111112 0.7600000000000003 0.8576388888888888 0.7600000000000003
1 0.9965277777777778 0.6400000000000001 0.9479166666666666 0.6400000000000001 0.9479166666666666 0.7314285714285718 0.9965277777777778 0.7314285714285718
1 0.7951388888888888 0.7257142857142859 0.7604166666666666 0.7257142857142859 0.7604166666666666 0.7771428571428571 0.7951388888888888 0.7771428571428571
1 0.6354166666666666 0.7028571428571431 0.5902777777777778 0.7028571428571431 0.5902777777777778 0.76 0.6354166666666666 0.76
1 0.625 0.7885714285714286 0.5833333333333334 0.7885714285714286 0.5833333333333334 0.84 0.625 0.84
1 0.4479166666666667 0.5200000000000001 0.4166666666666667 0.5200000000000001 0.4166666666666667 0.5657142857142858 0.4479166666666667 0.5657142857142858