1 0.6218487394957983 0.4000000000000002 0.5882352941176471 0.4000000000000002 0.5882352941176471 0.45625000000000016 0.6218487394957983 0.45625000000000016
1 0.6974789915966386 0.43750000000000017 0.6470588235294118 0.43750000000000017 0.6470588235294118 0.4937500000000002 0.6974789915966386 0.4937500000000002
1 0.7983193277310925 0.5937500000000002 0.7184873949579832 0.5937500000000002 0.7184873949579832 0.6875000000000002 0.7983193277310925 0.6875000000000002
1 0.7605042016806722 0.3125000000000001 0.7226890756302521 0.3125000000000001 0.7226890756302521 0.3875000000000001 0.7605042016806722 0.3875000000000002
1 0.792016806722689 0.528125 0.7037815126050421 0.3968750000000001 0.6680672268907563 0.4500000000000002 0.7563025210084032 0.58125
1 0.9756302521008404 0.7037500000000002 0.9151260504201681 0.6587500000000002 0.8941176470588236 0.7212500000000002 0.9546218487394958 0.7662500000000002
1 0.5294117647058824 0.5500000000000002 0.49159663865546216 0.5500000000000002 0.49159663865546216 0.6000000000000002 0.5294117647058824 0.6000000000000002
1 0.5042016806722689 0.41875000000000007 0.4579831932773109 0.41875 0.4579831932773109 0.49375 0.5042016806722689 0.4937500000000001
1 0.3865546218487395 0.4 0.35294117647058826 0.4 0.35294117647058826 0.4625 0.3865546218487395 0.4625
1 0.31092436974789917 0.45 0.2689075630252101 0.45 0.2689075630252101 0.49375 0.31092436974789917 0.49375
1 0.2478991596638656 0.43125 0.1932773109243698 0.43125 0.1932773109243698 0.49375 0.2478991596638656 0.49375
1 0.18487394957983197 0.30625 0.07142857142857145 0.30625 0.07142857142857145 0.49375 0.184873949579832 0.49375
1 0.37815126050420167 0.53125 0.33613445378151263 0.53125 0.33613445378151263 0.5875 0.37815126050420167 0.5875
1 0.865546218487395 0.5187500000000002 0.8235294117647058 0.5187500000000002 0.8235294117647058 0.5625000000000002 0.865546218487395 0.5625000000000002
1 0.3471611995051828 0.4483819796954315 0.34225568399948814 0.3462246192893401 0.22729599453994795 0.35843908629441623 0.23220151004564263 0.4605964467005076