1 0.1948558758314856 0.08889777422364387 0.16337028824833708 0.05104624816739972 0.1381818181818182 0.09836065573770496 0.16966740576496672 0.1362121817939491
1 0.39080213903743316 0.14271938283510133 0.34973262032085556 0.1272902603664417 0.3364705882352941 0.20700739312118294 0.3775401069518717 0.22243651558984256
1 0.4618181818181818 0.33879781420765037 0.4109090909090909 0.33879781420765037 0.4109090909090909 0.3934426229508198 0.4618181818181818 0.39344262295081983
1 0.72 0.43715846994535534 0.6690909090909091 0.43715846994535534 0.6690909090909091 0.4754098360655739 0.72 0.4754098360655739
1 0.7527272727272727 0.35519125683060127 0.6945454545454546 0.35519125683060127 0.6945454545454546 0.43715846994535534 0.7527272727272727 0.43715846994535534
1 0.5927272727272728 0.25683060109289624 0.5527272727272727 0.25683060109289624 0.5527272727272727 0.30054644808743175 0.5927272727272728 0.30054644808743175
1 0.56 0.4644808743169401 0.5272727272727272 0.4644808743169401 0.5272727272727272 0.5136612021857925 0.56 0.5136612021857925
1 0.6072727272727273 0.40983606557377067 0.5527272727272727 0.40983606557377067 0.5527272727272727 0.48087431693989086 0.6072727272727273 0.48087431693989086
1 0.48727272727272725 0.4754098360655739 0.43636363636363634 0.4754098360655739 0.43636363636363634 0.5191256830601094 0.48727272727272725 0.5191256830601094
1 0.3527272727272728 0.6120218579234973 0.3236363636363636 0.6120218579234973 0.32363636363636367 0.6502732240437158 0.35272727272727283 0.6502732240437158
1 0.4072727272727273 0.5846994535519126 0.3709090909090909 0.5846994535519126 0.3709090909090909 0.6338797814207651 0.4072727272727273 0.6338797814207651
1 0.6654545454545454 0.5519125683060111 0.5818181818181818 0.5519125683060111 0.5818181818181818 0.5901639344262296 0.6654545454545454 0.5901639344262296
1 0.6744055944055943 0.46826397646069784 0.6587412587412587 0.4329550231189575 0.6276923076923078 0.46406052963430006 0.6433566433566434 0.4993694829760404
1 0.7032727272727273 0.05901639344262294 0.688 0.013114754098360687 0.6472727272727272 0.043715846994535595 0.6625454545454547 0.08961748633879785
1 0.7163636363636363 0.6994535519125683 0.6909090909090909 0.6994535519125683 0.6909090909090909 0.7486338797814208 0.7163636363636363 0.7486338797814208
1 0.7454545454545455 0.8360655737704918 0.6909090909090909 0.8360655737704918 0.6909090909090909 0.907103825136612 0.7454545454545455 0.907103825136612
1 0.7163636363636363 0.5846994535519128 0.6981818181818182 0.5846994535519128 0.6981818181818182 0.6284153005464482 0.7163636363636363 0.6284153005464482
1 0.05454545454545455 0.06010928961748635 0.03272727272727274 0.060109289617486336 0.03272727272727274 0.16939890710382513 0.05454545454545456 0.16939890710382513
1 0.06909090909090912 0.37158469945355194 0.029090909090909115 0.37158469945355194 0.029090909090909122 0.4371584699453552 0.06909090909090912 0.4371584699453552