1 0.2078853046594982 0.07222222222222226 0.11469534050179211 0.07222222222222224 0.11469534050179211 0.15555555555555559 0.2078853046594982 0.15555555555555559
1 0.22740825324325178 0.3127581120943953 0.15223459257144673 0.3049901671583088 0.14969708503822124 0.3639872173058014 0.22487074571002633 0.371755162241888
1 0.27956989247311825 0.4 0.17562724014336922 0.4 0.17562724014336922 0.48333333333333334 0.27956989247311825 0.48333333333333334
1 0.7168458781362007 0.4833333333333335 0.6344086021505376 0.4833333333333335 0.6344086021505376 0.5444444444444446 0.7168458781362007 0.5444444444444446
1 0.1720430107526882 0.35555555555555557 0.08960573476702512 0.35555555555555557 0.08960573476702512 0.4166666666666667 0.1720430107526882 0.4166666666666667
1 0.9413930059091349 0.47837837837837865 0.8699021602247409 0.45990990990991015 0.8616681197326359 0.5364864864864867 0.9331589654170297 0.5549549549549552
1 0.2831541218637993 0.5277777777777778 0.21146953405017926 0.5277777777777778 0.21146953405017926 0.6166666666666667 0.2831541218637993 0.6166666666666667
1 0.3942652329749104 0.6111111111111112 0.3118279569892473 0.6111111111111112 0.31182795698924737 0.6777777777777778 0.39426523297491045 0.6777777777777778
1 0.34946236559139787 0.6638888888888889 0.24301075268817204 0.6088888888888888 0.22580645161290322 0.688888888888889 0.33225806451612905 0.743888888888889
1 0.4413019531533949 0.8556682267290692 0.42808335989353546 0.7276131045241812 0.2994760650641079 0.7595077136418791 0.3126946583239673 0.8875628358467673
1 0.3509382247522665 0.8674836601307189 0.2750368964790217 0.7968954248366013 0.2453088762386675 0.8736928104575162 0.3212102045119123 0.944281045751634
1 0.07885304659498209 0.12777777777777777 0.025089605734767036 0.12777777777777777 0.025089605734767036 0.18333333333333332 0.0788530465949821 0.18333333333333332