1 0.44623655913978494 0.15745856353591176 0.41935483870967744 0.11602209944751397 0.3781362007168459 0.17955801104972388 0.4050179211469534 0.22099447513812168
1 0.5125448028673835 0.22651933701657467 0.45161290322580644 0.22651933701657467 0.45161290322580644 0.28176795580110503 0.5125448028673835 0.28176795580110503
1 0.6328471556833104 0.13456594278212364 0.5427091096206395 0.12067173568185557 0.5389829305511196 0.17810841857666443 0.6291209766137904 0.19200262567693246
1 0.6774193548387096 0.265193370165746 0.6487455197132617 0.265193370165746 0.6487455197132617 0.3093922651933703 0.6774193548387096 0.3093922651933703
1 0.7491039426523297 0.4198895027624311 0.6881720430107527 0.4198895027624311 0.6881720430107527 0.4751381215469615 0.7491039426523297 0.4751381215469615
1 0.7222659323367426 0.3845842878318286 0.7192936445493487 0.343349952836545 0.6712999388058396 0.3515698692898532 0.6742722265932337 0.39280420428513674
1 0.7419354838709677 0.28176795580110514 0.7025089605734767 0.28176795580110514 0.7025089605734767 0.32596685082872945 0.7419354838709677 0.32596685082872945
1 0.6179548242765389 0.46968741888835347 0.48954800221308126 0.434758426341355 0.48254793004738883 0.49590270310356344 0.6109547521108465 0.530831695650562
1 0.45878136200716846 0.3922651933701659 0.3942652329749104 0.3922651933701658 0.3942652329749104 0.4364640883977901 0.45878136200716846 0.4364640883977902
1 0.4100882944313314 0.3163994070879936 0.3772182883119154 0.25306562457889786 0.3177725325640353 0.32637110901495764 0.3506425386834513 0.3897048915240534
1 0.33512544802867383 0.5773480662983426 0.29613484452194133 0.49320591309541595 0.2713842875133198 0.5204569210094073 0.3103748910200523 0.6045990742123339
1 0.3548387096774194 0.43646408839779005 0.3046594982078853 0.43646408839779005 0.3046594982078853 0.4861878453038674 0.3548387096774194 0.4861878453038674
1 0.4014336917562724 0.47513812154696133 0.37992831541218636 0.47513812154696133 0.37992831541218636 0.5193370165745856 0.4014336917562724 0.5193370165745856
1 0.3924731182795699 0.5939226519337016 0.3602150537634409 0.5441988950276243 0.34050179211469533 0.574585635359116 0.3727598566308244 0.6243093922651933
1 0.47843282659745395 0.7248999809487523 0.42882214806575203 0.6569251285959231 0.4029168211593128 0.7018479710421033 0.45252749969101463 0.7698228233949325
1 0.42567994939911447 0.7842053948651285 0.38614800759013285 0.6826454338641533 0.33765549230444863 0.7274943126421839 0.3771874341134303 0.829054273643159
1 0.5698924731182796 0.6574585635359116 0.5483870967741936 0.6243093922651936 0.5358422939068102 0.6436464088397792 0.557347670250896 0.6767955801104972
1 0.6272401433691757 0.5745856353591162 0.6021505376344086 0.5745856353591162 0.6021505376344086 0.6464088397790057 0.6272401433691757 0.6464088397790057
1 0.7885304659498208 0.3480662983425416 0.7526881720430108 0.3480662983425416 0.7526881720430108 0.39779005524861893 0.7885304659498208 0.39779005524861893