1 0.08127208480565373 0.37640449438202245 2.9426142170325095e-17 0.37640449438202245 3.288804124918687e-17 0.46629213483146065 0.08127208480565373 0.46629213483146065
1 0.5123674911660777 0.5617977528089889 0.4558303886925795 0.5617977528089889 0.4558303886925795 0.6685393258426968 0.5123674911660777 0.6685393258426968
1 0.7104922506384915 0.6365557904105019 0.6219780988699578 0.6224830348203362 0.6122870237553791 0.7765602402936924 0.7008011755239129 0.7906329958838582
1 0.7915194346289752 0.6516853932584271 0.7491166077738516 0.6516853932584271 0.7491166077738516 0.7528089887640449 0.7915194346289752 0.7528089887640449
1 0.9964664310954063 0.6011235955056181 0.9293286219081273 0.6011235955056181 0.9293286219081273 0.814606741573034 0.9964664310954063 0.814606741573034
1 0.8162544169611308 0.15730337078651702 0.7455830388692579 0.15730337078651702 0.7455830388692579 0.24719101123595522 0.8162544169611308 0.24719101123595522
1 0.9131888071817401 0.36850895839659886 0.9020150892942413 0.2619192225933799 0.8447139719224526 0.27710294564227156 0.8558876898099513 0.38369268144549046
1 0.5461191665651274 0.1931421929484696 0.5202875594005119 0.09046881053855092 0.48677957840867553 0.11177838047268503 0.5126111855732911 0.2144517628826037
1 0.5936395759717314 0.32022471910112366 0.5512367491166078 0.32022471910112366 0.5512367491166078 0.4269662921348316 0.5936395759717314 0.4269662921348316
1 0.30459363957597174 0.351685393258427 0.2480565371024735 0.3067415730337079 0.22968197879858657 0.36516853932584276 0.2862190812720848 0.41011235955056186
1 0.16064147866268008 0.277009507346586 0.12965479749932046 0.24416594641313746 0.07583582495243274 0.37251512532411407 0.10682250611579233 0.4053586862575627
1 0.18021201413427562 0.16853932584269668 0.127208480565371 0.16853932584269668 0.127208480565371 0.24157303370786518 0.18021201413427562 0.24157303370786518
1 0.08127208480565376 0.5280898876404494 4.0893682869054726e-17 0.5280898876404494 4.349010717820106e-17 0.5955056179775281 0.08127208480565376 0.5955056179775281
1 0.09540636042402827 0.06741573033707866 5.6255860031503856e-18 0.06741573033707865 9.303853774441024e-18 0.16292134831460675 0.09540636042402827 0.16292134831460675