1 0.41930032110867 0.2672321032976771 0.384231874260605 0.23571112095702262 0.33606557377049184 0.26577631495664283 0.3711340206185567 0.2972972972972973
1 0.454189899314052 0.3019094692246444 0.4224196718681055 0.30042215645328496 0.4166833808014762 0.36916905788501125 0.44845360824742275 0.3706563706563707
1 0.3247422680412371 0.4440154440154441 0.3192783505154639 0.4153667953667954 0.29618556701030924 0.41783783783783784 0.3016494845360825 0.4464864864864866
1 0.42783505154639173 0.44015444015444016 0.3402061855670104 0.44015444015444016 0.34020618556701043 0.4826254826254826 0.42783505154639184 0.4826254826254826
1 0.46907216494845366 0.4324324324324325 0.44639175257731956 0.39845559845559847 0.40309278350515465 0.4146718146718147 0.42577319587628876 0.44864864864864873
1 0.42783505154639184 0.5444015444015444 0.4103092783505155 0.5181467181467182 0.38144329896907214 0.5289575289575291 0.3989690721649485 0.5552123552123552
1 0.4607132906101981 0.6862151727016593 0.4281136806910005 0.6821454659292499 0.421008637503483 0.7140770113743089 0.45360824742268063 0.7181467181467184
1 0.572468162522741 0.6688621394503748 0.5588235294117647 0.6279809220985693 0.49090357792601585 0.6406995230524644 0.5045482110369921 0.6815807404042699
1 0.6288659793814433 0.61003861003861 0.6131354425879844 0.5825455997869791 0.565854959118379 0.5977233391026495 0.581585495911838 0.6252163493542804
1 0.6185567010309277 0.8069498069498071 0.5790610197826693 0.7858186371699887 0.5532878239063808 0.8128456641970155 0.5927835051546392 0.833976833976834
1 0.6140419480981159 0.7779523365730262 0.607963028794881 0.723312475036613 0.5486669036615711 0.7270137132206098 0.5547458229648061 0.7816535747570231
1 0.6494845360824744 0.8918918918918919 0.5360824742268042 0.8918918918918919 0.5360824742268042 0.9227799227799228 0.6494845360824744 0.9227799227799228
1 0.4484536082474227 0.8803088803088803 0.4329896907216495 0.8571428571428571 0.41237113402061853 0.8648648648648649 0.42783505154639173 0.888030888030888
1 0.3917525773195876 0.8223938223938224 0.37731958762886597 0.78996138996139 0.3402061855670103 0.7992277992277992 0.3546391752577319 0.8316602316602317