1 0.3417721518987343 0.8152866242038217 0.27848101265822794 0.8152866242038217 0.27848101265822794 0.8662420382165605 0.3417721518987343 0.8662420382165605
1 0.47468354430379767 0.89171974522293 0.3670886075949368 0.89171974522293 0.3670886075949368 0.9936305732484076 0.47468354430379767 0.9936305732484076
1 0.8164556962025317 0.9299363057324841 0.7594936708860761 0.9299363057324841 0.7594936708860761 0.9936305732484076 0.8164556962025317 0.9936305732484076
1 0.6586001489203277 0.6545522667665793 0.6169024571854058 0.6440614462345449 0.6027550260610574 0.7010116148370177 0.6444527177959791 0.7115024353690521
1 0.7659938419432092 0.5212601136168016 0.640780020526856 0.500258220003443 0.6300034211426617 0.5653296608710623 0.7552172425590149 0.5863315544844208
1 0.8227848101265823 0.407643312101911 0.759493670886076 0.407643312101911 0.759493670886076 0.4777070063694269 0.8227848101265823 0.4777070063694269
1 0.6455696202531646 0.4394904458598726 0.5949367088607594 0.4394904458598726 0.5949367088607594 0.5095541401273885 0.6455696202531646 0.5095541401273885
1 0.6012658227848101 0.34394904458598735 0.5379746835443038 0.34394904458598735 0.5379746835443038 0.45222929936305734 0.6012658227848101 0.45222929936305734
1 0.4936708860759494 0.3757961783439491 0.45569620253164556 0.3757961783439491 0.45569620253164556 0.40764331210191085 0.4936708860759494 0.40764331210191085
1 0.6186238877052262 0.30844422021820017 0.5996365459330744 0.11736141767042947 0.5213059280611605 0.12524437157091506 0.5402932698333125 0.31632717411868577
1 0.7310126582278481 0.08598726114649695 0.6645569620253164 0.01910828025477716 0.5981012658227848 0.08598726114649691 0.6645569620253164 0.1528662420382167