2 0.31666666666666665 0.3571428571428572 0.26666666666666666 0.3571428571428572 0.26666666666666666 0.40476190476190477 0.31666666666666665 0.40476190476190477
2 0.5933333333333334 0.4761904761904764 0.5666666666666667 0.4761904761904764 0.5666666666666667 0.5119047619047621 0.5933333333333334 0.5119047619047621
2 0.6739999999999999 0.3964285714285714 0.66 0.3214285714285713 0.6349999999999999 0.3363095238095237 0.6489999999999999 0.41130952380952385
2 0.7233333333333334 0.39285714285714285 0.695 0.34226190476190493 0.6716666666666666 0.3839285714285716 0.7 0.43452380952380953
2 0.63 0.3452380952380954 0.6033333333333334 0.3452380952380954 0.6033333333333334 0.37500000000000017 0.63 0.37500000000000017
2 0.5533333333333333 0.3809523809523811 0.5166666666666667 0.3809523809523811 0.5166666666666667 0.4702380952380954 0.5533333333333333 0.4702380952380954
2 0.5672549019607844 0.3231792717086836 0.5452941176470588 0.31337535014005613 0.5413725490196079 0.34138655462184886 0.5633333333333335 0.3511904761904764
2 0.6566666666666666 0.2559523809523811 0.6333333333333333 0.2559523809523811 0.6333333333333333 0.28571428571428586 0.6566666666666666 0.28571428571428586
2 0.6133333333333333 0.4464285714285716 0.58 0.4464285714285716 0.58 0.4821428571428573 0.6133333333333333 0.4821428571428573
2 0.7233333333333334 0.5535714285714287 0.6950000000000001 0.5029761904761907 0.6766666666666666 0.5357142857142859 0.705 0.5863095238095241
2 0.53 0.6785714285714287 0.5 0.6785714285714287 0.5 0.7202380952380955 0.53 0.7202380952380955
2 0.6113793103448276 0.7025862068965518 0.6060919540229885 0.6789819376026273 0.5767816091954023 0.6999178981937603 0.5820689655172415 0.7235221674876848
2 0.30666666666666675 0.7797619047619048 0.2666666666666668 0.7797619047619048 0.2666666666666668 0.8511904761904762 0.30666666666666675 0.8511904761904762
2 0.31666666666666676 0.8928571428571429 0.28333333333333344 0.8928571428571429 0.28333333333333344 0.9464285714285714 0.31666666666666676 0.9464285714285714
2 0.24313725490196078 0.909313725490196 0.23647058823529415 0.8616946778711485 0.19333333333333333 0.8809523809523812 0.2 0.9285714285714286
2 0.3241078838174274 0.4829085161035369 0.30219917012448133 0.41533293815451494 0.19957814661134163 0.5214261015609564 0.2214868603042877 0.5890016795099784
2 0.32 0.21428571428571436 0.2866666666666667 0.21428571428571436 0.2866666666666667 0.2738095238095239 0.32 0.2738095238095239
2 0.36333333333333334 0.1964285714285715 0.34 0.1964285714285715 0.34 0.2380952380952382 0.36333333333333334 0.2380952380952382
2 0.3833333333333334 0.8154761904761905 0.34666666666666673 0.8154761904761905 0.34666666666666673 0.8630952380952381 0.3833333333333334 0.8630952380952381
2 0.38666666666666677 0.9464285714285714 0.3600000000000001 0.9464285714285714 0.3600000000000001 0.9940476190476191 0.38666666666666677 0.9940476190476191
2 0.5866666666666667 0.7678571428571429 0.5533333333333333 0.7678571428571429 0.5533333333333333 0.8333333333333334 0.5866666666666667 0.8333333333333334
2 0.6633333333333333 0.4226190476190478 0.6333333333333333 0.4226190476190478 0.6333333333333333 0.4821428571428573 0.6633333333333333 0.4821428571428573
2 0.5733333333333334 0.20833333333333343 0.5533333333333333 0.20833333333333343 0.5533333333333333 0.24404761904761912 0.5733333333333334 0.24404761904761912
2 0.7166666666666667 0.3214285714285716 0.6966666666666667 0.3214285714285716 0.6966666666666667 0.3571428571428573 0.7166666666666667 0.3571428571428573
2 0.7233333333333334 0.4285714285714287 0.71 0.4285714285714287 0.71 0.4821428571428573 0.7233333333333334 0.4821428571428573
2 0.7443589743589745 0.3960622710622711 0.7387179487179488 0.34569597069597074 0.7188461538461539 0.35279304029304037 0.7244871794871796 0.4031593406593406
2 0.7166666666666667 0.6607142857142859 0.69 0.6607142857142859 0.69 0.7559523809523812 0.7166666666666667 0.7559523809523812
2 0.32410256410256416 0.7193223443223443 0.3102564102564103 0.6822344322344323 0.28794871794871796 0.7087912087912088 0.3017948717948718 0.745879120879121
2 0.7584313725490197 0.4873949579831935 0.7419607843137255 0.4800420168067229 0.7358823529411764 0.5234593837535015 0.7523529411764707 0.5308123249299721
2 0.5966666666666667 0.15476190476190488 0.5766666666666667 0.15476190476190488 0.5766666666666667 0.18452380952380965 0.5966666666666667 0.18452380952380965
2 0.6933333333333334 0.18452380952380967 0.67 0.18452380952380965 0.67 0.2619047619047621 0.6933333333333334 0.2619047619047621