2 0.7222222222222222 0.5991379310344829 0.6972222222222223 0.5603448275862071 0.6645833333333333 0.610991379310345 0.6895833333333333 0.6497844827586208
2 0.6199599083619701 0.6849893352292926 0.5894329896907216 0.6667703519374334 0.5830970790378005 0.6923324742268042 0.6136239977090492 0.7105514575186633
2 0.6638888888888889 0.6875000000000001 0.661111111111111 0.6573275862068966 0.6397222222222221 0.6620689655172414 0.6424999999999998 0.6922413793103449
2 0.4888888888888889 0.8017241379310345 0.47614379084967334 0.7967799188640975 0.4716503267973857 0.8246703853955376 0.4843954248366013 0.8296146044624746
2 0.5403153153153154 0.7927539608574093 0.5153153153153153 0.78628844361603 0.5133258258258259 0.8048112767940355 0.538325825825826 0.8112767940354149
2 0.536757662835249 0.7325728299643282 0.5208333333333334 0.7219827586206896 0.5160201149425288 0.7394099286563616 0.5319444444444444 0.75
2 0.5736111111111111 0.7844827586206896 0.5541666666666667 0.7844827586206896 0.5541666666666667 0.8017241379310345 0.5736111111111111 0.8017241379310345
2 0.5958333333333334 0.7478448275862071 0.5714894636015325 0.7456227705112962 0.5701005747126436 0.782260701545779 0.5944444444444446 0.7844827586206897
2 0.6291666666666667 0.7349137931034483 0.6125 0.7349137931034483 0.6125 0.7650862068965517 0.6291666666666667 0.7650862068965517
2 0.6759938837920489 0.7922730148687123 0.662480886850153 0.7533316197405885 0.634072375127421 0.7770681746282823 0.647585372069317 0.816009569756406
2 0.75 0.8168103448275863 0.7060590001766474 0.8113556000219286 0.7048401342518991 0.8349973959760979 0.7487811340752518 0.8404521407817556
2 0.701388888888889 0.7780172413793104 0.6994241192411924 0.7505782169890665 0.6857046070460704 0.7529436501261565 0.6876693766937669 0.7803826745164004
2 0.759185918591859 0.7949598839194265 0.7415401540154014 0.72308381700239 0.7137596259625962 0.7395058040286788 0.7314053905390538 0.8113818709457153
2 0.6683 0.7026551724137932 0.6527777777777779 0.6982758620689656 0.6496444444444445 0.7250172413793103 0.6651666666666666 0.7293965517241381
2 0.6958333333333333 0.6530172413793106 0.6819444444444445 0.6530172413793106 0.6819444444444445 0.683189655172414 0.6958333333333333 0.683189655172414
2 0.7340277777777777 0.6605603448275861 0.7283333333333333 0.634051724137931 0.7145833333333333 0.6411637931034483 0.7202777777777777 0.6676724137931034
2 0.7569444444444444 0.6400862068965519 0.7458333333333333 0.6357758620689657 0.7430555555555556 0.6530172413793106 0.7541666666666667 0.6573275862068968
2 0.7194444444444443 0.5474137931034483 0.6977298364354202 0.5450070015753545 0.6965242526790749 0.5711972693856118 0.7182388606880992 0.5736040609137056
2 0.7527777777777778 0.5603448275862071 0.7227124183006536 0.5486815415821502 0.7111111111111111 0.620689655172414 0.7411764705882352 0.6323529411764708
2 0.7547796934865901 0.5252229488703924 0.7283429118773946 0.5218043995243759 0.7258237547892719 0.5687128418549346 0.7522605363984675 0.5721313912009514
2 0.7680555555555556 0.6961206896551725 0.7558333333333332 0.690948275862069 0.7516666666666666 0.7146551724137932 0.7638888888888888 0.7198275862068967
2 0.7825000000000001 0.6448275862068967 0.7708333333333335 0.6422413793103451 0.7688888888888891 0.6633620689655174 0.7805555555555557 0.6659482758620692
2 0.8180555555555554 0.6206896551724139 0.7889386613576033 0.5634598976109216 0.7742131209708002 0.5814993527127222 0.8033300151687522 0.6387291102742145
2 0.7979280510018216 0.7487280949689089 0.782445355191257 0.7198982475975128 0.7675546448087434 0.7391534765404184 0.783037340619308 0.7679833239118147
2 0.31527777777777777 0.4504310344827587 0.2996621621621622 0.4429753028890961 0.29410660660660665 0.47099254426840637 0.30972222222222223 0.47844827586206895
2 0.3658333333333334 0.4478448275862069 0.3605555555555556 0.4314655172413794 0.34611111111111115 0.44267241379310357 0.35138888888888886 0.4590517241379311
2 0.44027777777777777 0.4224137931034484 0.4152777777777778 0.4224137931034484 0.4152777777777778 0.44827586206896564 0.44027777777777777 0.44827586206896564
2 0.4904273504273505 0.43289124668435014 0.4882692307692308 0.40610079575596814 0.4756196581196581 0.4085543766578249 0.4777777777777778 0.4353448275862069
2 0.46975205070842657 0.3787607035408471 0.4547772184936615 0.37466009025688507 0.44984153616703965 0.41806005554269854 0.4648163683818047 0.42216066882666053
2 0.5180555555555556 0.4051724137931036 0.5013888888888889 0.4051724137931036 0.5013888888888889 0.4224137931034484 0.5180555555555556 0.4224137931034484
2 0.44908280922431865 0.3301480156148341 0.4445754716981132 0.30566851008458035 0.4275157232704402 0.3132319453480807 0.43202306079664565 0.33771145087833443
2 0.22535907859078594 0.45231286795626585 0.2162127371273713 0.386080740117746 0.19250000000000003 0.39396551724137935 0.20164634146341465 0.46019764507989913
2 0.06085470085470088 0.38249336870026523 0.043589743589743615 0.3791445623342175 0.041538461538461566 0.4046087533156499 0.058803418803418835 0.40795755968169756
2 0.2513888888888889 0.3017241379310345 0.22361111111111112 0.3017241379310345 0.22361111111111112 0.34051724137931033 0.2513888888888889 0.34051724137931033
2 0.31527777777777777 0.40948275862068967 0.2972222222222222 0.40948275862068967 0.2972222222222222 0.4375 0.31527777777777777 0.4375
2 0.4370098039215686 0.27066430020283977 0.43374183006535943 0.25038032454361053 0.3987745098039215 0.26394523326572006 0.4020424836601307 0.2842292089249493
2 0.5486111111111112 0.24353448275862072 0.5456081081081081 0.21557548928238587 0.5289414414414414 0.2198858341099721 0.5319444444444444 0.24784482758620693
2 0.5791666666666667 0.23922413793103461 0.5666666666666668 0.2370689655172415 0.565108401084011 0.2588309503784694 0.5776084010840109 0.2609861227922625
2 0.46269230769230774 0.3251989389920425 0.4527777777777778 0.32327586206896564 0.4511965811965811 0.34290450928381977 0.46111111111111114 0.3448275862068967
2 0.4652777777777778 0.2607758620689656 0.44722222222222224 0.2607758620689656 0.44722222222222224 0.2844827586206898 0.4652777777777778 0.2844827586206898
2 0.7730555555555557 0.12758620689655192 0.7559722222222222 0.11875000000000015 0.7472222222222222 0.1594827586206898 0.7643055555555557 0.16831896551724157
2 0.6333333333333333 0.2025862068965517 0.6298076923076923 0.18252652519893897 0.6131196581196581 0.18958885941644563 0.6166452991452991 0.2096485411140584
2 0.7227307692307692 0.4021352785145888 0.7205128205128204 0.34018567639257286 0.6745897435897436 0.3441445623342175 0.6768076923076922 0.4060941644562334
2 0.6448529411764705 0.36599898580121715 0.6347222222222222 0.3620689655172415 0.6315359477124183 0.38184584178499 0.6416666666666666 0.38577586206896564
2 0.8055555555555556 0.849137931034483 0.7902777777777777 0.849137931034483 0.7902777777777777 0.8922413793103451 0.8055555555555556 0.8922413793103451
2 0.8559333333333334 0.8480689655172415 0.8433444444444446 0.8445172413793105 0.840188888888889 0.8714482758620691 0.8527777777777777 0.8750000000000001
2 0.8679284963196635 0.8007995213749596 0.8407553452506135 0.7676696943326446 0.8203689099193832 0.8079313064288047 0.8475420609884332 0.8410611334711197
2 0.9152777777777777 0.9202586206896551 0.9063710499490316 0.8741893388168301 0.8905708460754332 0.8815446061372982 0.8994775739041795 0.9276138880101233
2 0.9125 0.8125000000000002 0.8961601307189543 0.806161257606491 0.890277777777778 0.8426724137931035 0.9066176470588236 0.8490111561866127
2 0.7722222222222223 0.7974137931034485 0.7555555555555555 0.7974137931034485 0.7555555555555555 0.8405172413793106 0.7722222222222223 0.8405172413793106
2 0.8157973122748684 0.6562903087109814 0.8013888888888889 0.6551724137931036 0.7999619008035467 0.6994582509244133 0.8143703241895263 0.700576145842291
2 0.8658358618696721 0.7760498408143133 0.8426238982805954 0.7010111654185911 0.8138617974281174 0.7224339715707816 0.837073761017194 0.7974726469665039
2 0.9849161425576521 0.7728204294079376 0.9512054507337527 0.7630123617436567 0.9475890985324948 0.7929407937540666 0.9812997903563943 0.8027488614183474