2 0.46283783783783783 0.2823529411764707 0.4222972972972973 0.2823529411764707 0.4222972972972973 0.32352941176470595 0.46283783783783783 0.32352941176470595
2 0.6998507005589159 0.1791534744209299 0.680939438021591 0.10918180303282789 0.6057729117219202 0.17077153807698725 0.624684174259245 0.2407432094650893
2 0.6959459459459459 0.24117647058823546 0.6790540540540541 0.24117647058823546 0.6790540540540541 0.2882352941176472 0.6959459459459459 0.2882352941176472
2 0.625 0.37058823529411783 0.5945945945945946 0.37058823529411783 0.5945945945945946 0.4176470588235296 0.625 0.4176470588235296
2 0.6554054054054054 0.3117647058823531 0.6148648648648649 0.3117647058823531 0.6148648648648649 0.37058823529411783 0.6554054054054054 0.37058823529411783
2 0.7648648648648649 0.5129411764705885 0.7378378378378379 0.48941176470588255 0.7236486486486488 0.5388235294117648 0.7506756756756758 0.5623529411764708
2 0.7263513513513513 0.40588235294117664 0.7076403326403327 0.4018099547511314 0.7036902286902287 0.45683257918552056 0.7224012474012474 0.46090497737556585
2 0.6824324324324325 0.6764705882352943 0.6554054054054054 0.6764705882352943 0.6554054054054054 0.7705882352941177 0.6824324324324325 0.7705882352941177
2 0.7533783783783784 0.7411764705882354 0.722972972972973 0.7411764705882354 0.722972972972973 0.8705882352941177 0.7533783783783784 0.8705882352941177
2 0.8886975496897676 0.8168917372396429 0.8841492270480598 0.690180819409476 0.8326190976969187 0.6957885099565119 0.8371674203386266 0.8224994277866787
2 0.9425675675675675 0.6000000000000002 0.918918918918919 0.6000000000000002 0.918918918918919 0.6470588235294119 0.9425675675675675 0.6470588235294119
2 0.9594594594594594 0.28235294117647075 0.9358108108108109 0.28235294117647075 0.9358108108108109 0.34117647058823547 0.9594594594594594 0.34117647058823547
2 0.9445945945945945 0.19882352941176484 0.9162162162162162 0.17411764705882374 0.9047297297297298 0.2141176470588238 0.9331081081081081 0.23882352941176493
2 0.9057432432432432 0.09823529411764716 0.8641891891891891 0.07411764705882366 0.8557432432432431 0.11823529411764723 0.8972972972972972 0.14235294117647074
2 0.8209459459459459 0.13529411764705898 0.7871621621621622 0.13529411764705898 0.7871621621621622 0.18235294117647075 0.8209459459459459 0.18235294117647075
2 0.75 0.12941176470588253 0.7094594594594594 0.12941176470588253 0.7094594594594594 0.1764705882352943 0.75 0.1764705882352943
2 0.6722972972972973 0.0705882352941178 0.6216216216216216 0.07058823529411778 0.6216216216216216 0.12352941176470601 0.6722972972972973 0.12352941176470601
2 0.5326301911667766 0.381922525107604 0.5297462096242584 0.336728837876614 0.48117172050098883 0.3461262553802008 0.4840557020435069 0.3913199426111908
2 0.3625259875259875 0.38506787330316744 0.3287422037422038 0.3733031674208145 0.3223752598752599 0.42873303167420823 0.35615904365904366 0.4404977375565612
2 0.44222972972972974 0.3664705882352942 0.4037162162162163 0.34411764705882364 0.3820945945945946 0.45705882352941185 0.4206081081081081 0.47941176470588254
2 0.42905405405405406 0.5294117647058825 0.3918918918918919 0.5294117647058825 0.3918918918918919 0.5764705882352942 0.42905405405405406 0.5764705882352943
2 0.3716216216216217 0.7941176470588235 0.33445945945945954 0.7941176470588235 0.33445945945945954 0.8588235294117647 0.3716216216216217 0.8588235294117647
2 0.20270270270270271 0.11176470588235299 0.16216216216216217 0.11176470588235299 0.16216216216216217 0.16470588235294123 0.20270270270270271 0.16470588235294123
2 0.1394265887509131 0.20810810810810815 0.06820672023374728 0.18744038155802864 0.06218042366691017 0.2503974562798093 0.133400292184076 0.2710651828298888
2 0.09121621621621626 0.4764705882352941 0.05405405405405408 0.4764705882352941 0.05405405405405409 0.5470588235294118 0.09121621621621627 0.5470588235294118
2 0.497991234477721 0.5966613672496026 0.4931519357195033 0.5461049284578696 0.4553506208911615 0.5570747217806041 0.46018991964937916 0.6076311605723371
2 0.5959856915739269 0.6491349480968859 0.5522655007949125 0.6301038062283739 0.5437201907790143 0.6896193771626299 0.5874403815580286 0.708650519031142
2 0.6081081081081081 0.7529411764705882 0.5743243243243243 0.7529411764705882 0.5743243243243243 0.8235294117647058 0.6081081081081081 0.8235294117647058
2 0.5966216216216217 0.8776470588235296 0.5783783783783784 0.8141176470588234 0.5094594594594595 0.8741176470588234 0.5277027027027028 0.9376470588235296