2 0.4148148148148148 0.3315508021390375 0.32222222222222224 0.3315508021390375 0.32222222222222224 0.5347593582887701 0.4148148148148148 0.5347593582887701
2 0.9459259259259261 0.23957219251336898 0.9185185185185186 0.16042780748663102 0.8266666666666668 0.22673796791443862 0.8540740740740742 0.30588235294117655
2 0.9804691893628985 0.42844548586541664 0.8372860930344661 0.31963761643486 0.7795211697597815 0.4781050262739683 0.922704266088214 0.5869128957045249
2 0.7111111111111111 0.6737967914438504 0.6592592592592592 0.6737967914438504 0.6592592592592592 0.786096256684492 0.7111111111111111 0.786096256684492
2 0.825925925925926 0.7700534759358288 0.7481481481481481 0.7700534759358288 0.7481481481481481 0.8877005347593583 0.825925925925926 0.8877005347593583
2 0.9962962962962963 0.7754010695187169 0.9407407407407408 0.7754010695187169 0.9407407407407408 0.9251336898395724 0.9962962962962963 0.9251336898395724
2 0.6537037037037038 0.8208556149732622 0.6203703703703705 0.7727272727272729 0.5907407407407409 0.8155080213903745 0.6240740740740742 0.8636363636363638
2 0.3011291779584463 0.9023738098343549 0.28884372177055107 0.7427285770183905 0.22299006323396567 0.753293335072388 0.2352755194218609 0.9129385678883525
2 0.20370370370370375 0.7433155080213903 0.1407407407407408 0.7433155080213903 0.1407407407407408 0.8716577540106952 0.20370370370370375 0.8716577540106952
2 0.07037037037037042 0.5721925133689839 0.025925925925925974 0.5721925133689839 0.02592592592592598 0.6951871657754011 0.07037037037037042 0.6951871657754011
2 0.2283866057838661 0.37934949820525976 0.12318619989852869 0.3103069372207165 0.07447995941146626 0.46502087759138533 0.17968036529680365 0.5340634385759286
2 0.20763628797336667 0.22138436579943518 0.07969205160216399 0.17875383043922372 0.0637744486059093 0.2783452502553626 0.19171868497711197 0.3209757856155741
2 0.2749479816895547 0.32608303791383775 0.2589263420724095 0.2890704800817161 0.20466084061589682 0.33804001682389 0.22068248023304207 0.37505257465601166
2 0.5074074074074074 0.2941176470588236 0.46296296296296297 0.2941176470588236 0.46296296296296297 0.3475935828877007 0.5074074074074074 0.3475935828877007