2 0.8512374461979916 0.8333553065260385 0.7493723098995696 0.6461437046802901 0.686154949784792 0.7205009887936719 0.7880200860832138 0.9077125906394201
2 0.6705316742081449 0.6706860706860708 0.637160633484163 0.597089397089397 0.5854072398190046 0.6478170478170477 0.6187782805429864 0.7214137214137215
2 0.5477941176470589 0.5945945945945947 0.46691176470588236 0.5945945945945947 0.4669117647058824 0.6540540540540543 0.5477941176470589 0.6540540540540543
2 0.5110294117647058 0.4756756756756758 0.4411764705882353 0.4756756756756758 0.4411764705882353 0.5459459459459461 0.5110294117647058 0.5459459459459461
2 0.7764423076923076 0.4488565488565489 0.7483597285067872 0.2974636174636175 0.6845871040723981 0.3230353430353431 0.7126696832579185 0.47442827442827445
2 0.6559256055363322 0.44674085850556444 0.6202422145328719 0.23688394276629568 0.5493079584775087 0.2629570747217806 0.5849913494809689 0.47281399046104944
2 0.30514705882352944 0.3837837837837838 0.2610294117647059 0.3837837837837838 0.2610294117647059 0.4486486486486487 0.30514705882352944 0.4486486486486487
2 0.3492647058823529 0.4864864864864865 0.3014705882352941 0.4864864864864865 0.3014705882352941 0.5675675675675675 0.3492647058823529 0.5675675675675675
2 0.39889705882352944 0.7270270270270272 0.3888574660633484 0.6532224532224533 0.3443156108597285 0.6663201663201663 0.3543552036199096 0.7401247401247402
2 0.7720588235294118 1.2776044985699413e-16 0.6470588235294118 1.1650693872969416e-16 0.6470588235294118 0.08648648648648662 0.7720588235294118 0.08648648648648664
2 0.4448529411764706 0.5837837837837838 0.40808823529411764 0.5837837837837838 0.4080882352941177 0.6378378378378379 0.4448529411764707 0.637837837837838
2 0.8786764705882353 0.2972972972972974 0.8492647058823529 0.2972972972972974 0.8492647058823529 0.34054054054054067 0.8786764705882353 0.34054054054054067