2 0.3645915032679739 0.5296906693711968 0.2719362745098039 0.438197261663286 0.20473856209150326 0.602053752535497 0.29739379084967327 0.6935471602434078
2 0.5889423076923077 0.5707062334217509 0.5440705128205128 0.55678050397878 0.5352564102564104 0.6251657824933687 0.5801282051282052 0.6390915119363395
2 0.7931759794476557 0.6359128961530797 0.7870905587668593 0.5745340841140123 0.7506663455362879 0.5832295196332469 0.7567517662170842 0.6446083316723141
2 0.964777777777778 0.5118965517241378 0.9419444444444445 0.464655172413793 0.8992777777777778 0.5143103448275861 0.9221111111111112 0.5615517241379309
2 0.696383647798742 0.4588077423552375 0.6786687631027252 0.36259759271307734 0.6386792452830187 0.3803269355888093 0.6563941299790356 0.47653708523096944
2 0.7467342342342344 0.3773881640260952 0.7149774774774775 0.36917520969245127 0.7098723723723726 0.4167054986020506 0.7416291291291294 0.4249184529356946
2 0.8347473604826544 0.4651954283039477 0.8234351432880842 0.41604579497581523 0.7977438411261938 0.43028358558277424 0.809056058320764 0.47943321891090673
2 0.5902445961319681 0.34418765446628236 0.529161926431551 0.3330366599976463 0.5233219567690557 0.41006384606331653 0.5844046264694729 0.4212148405319526
2 0.5019875478927203 0.5014491676575507 0.47950191570881223 0.4200356718192629 0.4444683908045977 0.4433338287752676 0.4669540229885058 0.5247473246135554
2 0.4388888888888889 0.4525862068965518 0.4041666666666667 0.4525862068965518 0.4041666666666667 0.5301724137931035 0.4388888888888889 0.5301724137931035
2 0.3471666666666666 0.4649137931034483 0.34199999999999997 0.40879310344827596 0.28813888888888883 0.4207327586206897 0.29330555555555554 0.4768534482758621
2 0.2854517649418372 0.38789602265654183 0.2263487765744084 0.3679587327274991 0.21595718010429207 0.442133231669364 0.2750601684717209 0.4620705215984067
2 0.21678111853501614 0.4881009523078105 0.16611296708735465 0.4605829045388219 0.14586735956446428 0.550341755625528 0.19653551101212574 0.5778598033945165
2 0.26527777777777783 0.6659482758620691 0.21388888888888896 0.5862068965517243 0.17569444444444451 0.6454741379310347 0.22708333333333333 0.7252155172413794
2 0.1718722369584439 0.5503464282447637 0.10492926613616274 0.5311099423762919 0.09162061597406432 0.6426272523552548 0.15856358679634547 0.6618637382237262
2 0.2203722794959909 0.32823942410238177 0.16984536082474228 0.32467561322431565 0.16851088201603667 0.3702319587628867 0.21903780068728526 0.37379576964095285
2 0.21723856209150327 0.19104969574036512 0.19939542483660128 0.15874746450304253 0.17354575163398692 0.19312880324543608 0.19138888888888891 0.2254310344827586
2 0.23011843494325682 0.06277387582930628 0.17668580100290315 0.05991481693832422 0.17537773818949592 0.11877764354164964 0.2288103721298496 0.12163670243263171
2 0.2974068721901092 0.14576689256527808 0.2669315992292871 0.13849162846322507 0.26071772639691715 0.2011660354793702 0.29119299935773924 0.2084412995814232
2 0.341090146750524 0.15635165907612236 0.32746331236897264 0.08234385165907614 0.28618972746331234 0.10064248536109305 0.29981656184486366 0.17465029277813926
2 0.425 0.19181034482758627 0.3958333333333333 0.19181034482758627 0.3958333333333333 0.22844827586206903 0.425 0.22844827586206903
2 0.5236111111111111 0.18318965517241392 0.475 0.1831896551724139 0.475 0.23706896551724146 0.5236111111111111 0.2370689655172415
2 0.5475747320924985 0.25765797304393484 0.5455583756345177 0.21385436723262735 0.520389170896785 0.21664405741291792 0.5224055273547659 0.2604476632242254
2 0.5666666666666665 0.13793103448275865 0.5653608247422679 0.0933522929257021 0.5268671248568155 0.09606736580163529 0.5281729667812142 0.1406461073586918
2 0.4222222222222222 7.548469494744462e-17 0.37222222222222223 7.073390995075229e-17 0.37222222222222223 0.030172413793103522 0.4222222222222222 0.030172413793103526
2 0.32916666666666666 5.898891370892962e-17 0.28055555555555556 5.437009496214542e-17 0.28055555555555556 0.07543103448275869 0.32916666666666666 0.07543103448275869
2 0.15277777777777782 0.2543103448275862 0.11388888888888893 0.2543103448275862 0.11388888888888893 0.28663793103448276 0.15277777777777782 0.28663793103448276
2 0.08813817980022197 0.44134630104481615 0.08461585892218522 0.2773761912051743 0.027873350598100873 0.2803111485322821 0.031395671476137636 0.4442812583719239
2 0.09085810332625617 0.21702448934768287 0.08897735314932767 0.13530913683285745 0.06658527954706299 0.13655007687239182 0.0684660297239915 0.21826542938721724
2 0.09467496542185341 0.24865860638145662 0.07332295988934996 0.23982329374731726 0.06039073305670819 0.31507547574760336 0.08174273858921163 0.3239107883817428
2 0.45486878453038676 0.4000107163269195 0.4526012891344383 0.3331586968946466 0.4157880601596071 0.3361652219470375 0.41805555555555557 0.4030172413793104