2 0.26640926640926643 0.2680412371134021 0.23166023166023167 0.2680412371134021 0.2316602316602317 0.30412371134020627 0.26640926640926643 0.30412371134020627
2 0.3436293436293436 0.2835051546391753 0.31583011583011583 0.2649484536082474 0.3065637065637066 0.2896907216494846 0.3343629343629344 0.30824742268041244
2 0.38223938223938225 0.4329896907216495 0.33976833976833976 0.4329896907216495 0.33976833976833976 0.5670103092783505 0.38223938223938225 0.5670103092783505
2 0.40065340065340066 0.4012688342585251 0.3480843480843481 0.3544805709754165 0.3243243243243244 0.4020618556701032 0.37689337689337693 0.4488501189532119
2 0.3129684306154894 0.6455427531837478 0.2959345900522371 0.5545785324439053 0.25687031569384505 0.5676167374166161 0.2739041562570974 0.6585809581564585
2 0.44015444015444016 0.5618556701030928 0.4015444015444015 0.5618556701030928 0.4015444015444016 0.6134020618556701 0.4401544401544402 0.6134020618556701
2 0.48648648648648657 0.5773195876288661 0.4555984555984556 0.5773195876288661 0.45559845559845563 0.6494845360824744 0.48648648648648657 0.6494845360824744
2 0.444015444015444 0.4793814432989691 0.3938223938223938 0.4793814432989691 0.3938223938223938 0.5360824742268041 0.444015444015444 0.5360824742268041
2 0.44787644787644787 0.41237113402061853 0.416988416988417 0.41237113402061853 0.416988416988417 0.4536082474226804 0.44787644787644787 0.4536082474226804
2 0.4980694980694981 0.4484536082474228 0.47104247104247104 0.4484536082474228 0.47104247104247104 0.5051546391752578 0.4980694980694981 0.5051546391752578
2 0.4980694980694981 0.3711340206185568 0.4555984555984556 0.3711340206185568 0.4555984555984556 0.4226804123711342 0.4980694980694981 0.4226804123711342
2 0.4594594594594595 0.2886597938144331 0.43243243243243246 0.2886597938144331 0.43243243243243246 0.31958762886597947 0.4594594594594595 0.31958762886597947
2 0.5756756756756757 0.19432989690721658 0.518918918918919 0.16907216494845367 0.5096525096525096 0.20618556701030935 0.5664092664092664 0.23144329896907226
2 0.5637065637065637 0.2886597938144331 0.5366795366795367 0.2886597938144331 0.5366795366795367 0.3350515463917527 0.5637065637065637 0.3350515463917527
2 0.5907335907335908 0.24226804123711349 0.5405405405405406 0.24226804123711349 0.5405405405405406 0.2835051546391753 0.5907335907335908 0.2835051546391753
2 0.5984555984555985 0.38659793814433 0.5366795366795367 0.38659793814433 0.5366795366795367 0.4432989690721651 0.5984555984555985 0.4432989690721651
2 0.6163951407853846 0.5557581091274831 0.6086260476504378 0.4624088508926327 0.5353140597043036 0.4732838823233593 0.5430831528392503 0.5666331405582098
2 0.6872586872586872 0.407216494845361 0.6177606177606177 0.407216494845361 0.6177606177606177 0.4948453608247424 0.6872586872586872 0.4948453608247424
2 0.6911196911196911 0.26804123711340216 0.5868725868725869 0.2680412371134021 0.5868725868725869 0.4020618556701032 0.6911196911196911 0.4020618556701032
2 0.8666468666468667 0.2799365582870738 0.8501633501633502 0.16990483743061066 0.7603207603207603 0.19389373513084857 0.7768042768042769 0.30392545598731174
2 0.7297297297297297 0.15463917525773208 0.6216216216216216 0.15463917525773208 0.6216216216216216 0.24742268041237125 0.7297297297297297 0.24742268041237128
2 0.6486486486486487 0.19072164948453615 0.5714285714285714 0.19072164948453615 0.5714285714285714 0.2628865979381444 0.6486486486486487 0.2628865979381444
2 0.6600045423574836 0.5785324439053974 0.5600726777197367 0.5451788963007884 0.5296388825800591 0.7077016373559734 0.629570747217806 0.7410551849605822
2 0.6718146718146718 0.5154639175257734 0.6293436293436293 0.5154639175257734 0.6293436293436293 0.5670103092783506 0.6718146718146718 0.5670103092783506