2 0.5569411764705882 0.2883362393319262 0.4598823529411764 0.22019821969349362 0.37764705882352945 0.38056345783243095 0.47470588235294114 0.44870147747086353
2 0.7767333333333334 0.15702028081123237 0.7612666666666668 0.10273010920436812 0.6846666666666666 0.13260530421216843 0.7001333333333334 0.18689547581903268
2 0.8727185473411155 0.17297571280283128 0.8319208819714655 0.11887584452794464 0.7711530479896238 0.1816122061224863 0.8119507133592736 0.2357120743973729
2 0.835797262301147 0.28751465263937975 0.7738512763596006 0.24569943952031106 0.7269034406215318 0.3409134589578921 0.7888494265630782 0.3827286720769608
2 0.9426666666666667 0.45397815912636524 0.864 0.45397815912636524 0.864 0.5733229329173168 0.9426666666666667 0.5733229329173168
2 0.9993333333333333 0.3221528861154448 0.9273333333333333 0.32215288611544474 0.9273333333333333 0.41575663026521076 0.9993333333333333 0.41575663026521076
2 0.9993333333333333 0.6638065522620906 0.9506666666666667 0.6638065522620906 0.9506666666666667 0.7402496099843996 0.9993333333333333 0.7402496099843996
2 0.9712923076923076 0.836589463578543 0.9620410256410254 0.7499939997599904 0.8875384615384614 0.7608904356174246 0.8967897435897435 0.8474858994359773
2 0.7358119094704462 0.8433201665574864 0.692376181059108 0.8149197292875237 0.6627343441001978 0.8769828578245306 0.7061700725115361 0.9053832950944932
2 0.8712106876916338 0.9112127691415147 0.8340262812089355 0.8654154050524702 0.7675348226018397 0.9393236176227602 0.804719229084538 0.9851209817118047
2 0.5992432432432433 0.7513176202723785 0.5905945945945946 0.690601678121179 0.5251891891891892 0.7033562423578025 0.5338378378378379 0.7640721845090019
2 0.5167693904020754 0.5819542664975083 0.46297639429312587 0.5552523112597657 0.4375693904020752 0.6253240012868998 0.4913623865110247 0.6520259565246426
2 0.46897435897435896 0.7758910356414257 0.43266666666666664 0.7121684867394695 0.36651282051282047 0.7637705508220328 0.40282051282051284 0.8274930997239889
2 0.3781584232056527 0.7711552642098247 0.31819065327879004 0.7132690588397058 0.2529433494483698 0.8058053002670498 0.3129111193752324 0.8636915056371686
2 0.22919384400139917 0.7649910865269868 0.14347841902763211 0.7620840993136052 0.14141224204267236 0.845488669494314 0.22712766701643938 0.8483956567076955
2 0.20947169811320748 0.900332617078268 0.19533333333333325 0.8424336973478939 0.13176100628930815 0.8636858681894445 0.14589937106918238 0.9215847879198186
2 0.3157264604810998 0.9126574135130354 0.2625635738831616 0.9098300014474804 0.25935807560137464 0.9923428277337278 0.31252096219931286 0.9951702397992827
2 0.29223454650491043 0.4302311433878499 0.20993298671288274 0.4262187818535272 0.2069740034662045 0.5093103550831808 0.2892755632582322 0.5133227166175035
2 0.2333130493576741 0.23496343504855816 0.17036240703177824 0.2249195444491208 0.16118593644354295 0.3036568115868651 0.22413657876943882 0.31370070218630247
2 0.264 0.15756630265210614 0.21733333333333332 0.15756630265210614 0.21733333333333332 0.22074882995319814 0.264 0.22074882995319814
2 0.11565911237016052 0.06940399429008325 0.05959206798866856 0.04578761054124886 0.034070821529745055 0.1287349794275057 0.09013786591123703 0.15235136317634004
2 0.19861980548187444 0.005132274256487537 0.14937046861184794 -0.005538842243344879 0.1387161803713528 0.06177764351953391 0.1879655172413793 0.07244876001936633
2 0.06466666666666672 0.5210608424336973 5.486417660180142e-17 0.5210608424336973 6.168137711705503e-17 0.6513260530421217 0.06466666666666673 0.6513260530421217
2 0.36933333333333335 0.6037441497659907 0.33000000000000007 0.6037441497659907 0.33000000000000007 0.6505460218408736 0.36933333333333335 0.6505460218408736