2 0.13175675675675674 0.20588235294117646 0.07770270270270273 0.20588235294117646 0.07770270270270273 0.2647058823529412 0.13175675675675674 0.2647058823529412
2 0.20270270270270271 0.1352941176470589 0.17905405405405406 0.0941176470588236 0.16047297297297297 0.12647058823529417 0.18412162162162163 0.16764705882352945
2 0.0844594594594595 0.4764705882352941 0.057432432432432456 0.4764705882352941 0.05743243243243247 0.5411764705882353 0.08445945945945951 0.5411764705882353
2 0.08783783783783787 0.47058823529411764 0.05405405405405408 0.47058823529411764 0.05405405405405409 0.5411764705882353 0.08783783783783788 0.5411764705882353
2 0.09797297297297303 0.8176470588235294 0.0405405405405406 0.8176470588235294 0.0405405405405406 0.8705882352941177 0.09797297297297303 0.8705882352941177
2 0.3614864864864865 0.36470588235294127 0.3277027027027027 0.36470588235294127 0.3277027027027027 0.4294117647058823 0.3614864864864865 0.4294117647058823
2 0.41216216216216217 0.4294117647058825 0.38175675675675674 0.42941176470588244 0.38175675675675674 0.4764705882352942 0.41216216216216217 0.4764705882352943
2 0.46621621621621623 0.2764705882352942 0.3918918918918919 0.2764705882352942 0.3918918918918919 0.34117647058823536 0.46621621621621623 0.34117647058823536
2 0.5371621621621622 0.32941176470588246 0.4966216216216216 0.32941176470588246 0.4966216216216216 0.38235294117647073 0.5371621621621622 0.38235294117647073
2 0.6858108108108109 0.6647058823529414 0.652027027027027 0.6647058823529414 0.652027027027027 0.7764705882352941 0.6858108108108109 0.7764705882352941
2 0.5878378378378378 0.6529411764705884 0.5574324324324325 0.6529411764705884 0.5574324324324325 0.6941176470588237 0.5878378378378378 0.6941176470588237
2 0.43243243243243246 0.523529411764706 0.3952702702702703 0.523529411764706 0.3952702702702703 0.5823529411764707 0.43243243243243246 0.5823529411764707
2 0.49324324324324326 0.5470588235294119 0.4594594594594595 0.5470588235294119 0.4594594594594595 0.6000000000000002 0.49324324324324326 0.6000000000000002
2 0.9459459459459459 0.6588235294117649 0.8344594594594594 0.6588235294117649 0.8344594594594594 0.8176470588235297 0.9459459459459459 0.8176470588235297
2 0.7533783783783784 0.7411764705882354 0.722972972972973 0.7411764705882354 0.722972972972973 0.8764705882352941 0.7533783783783784 0.8764705882352941
2 0.6114864864864865 0.7529411764705882 0.5675675675675675 0.7529411764705882 0.5675675675675675 0.8294117647058824 0.6114864864864865 0.8294117647058824
2 0.597972972972973 0.9352941176470586 0.5826709062003179 0.8287197231833909 0.5087440381558028 0.8608996539792387 0.5240461049284579 0.9674740484429064
2 0.3682432432432433 0.7941176470588235 0.33445945945945954 0.7941176470588235 0.33445945945945954 0.8529411764705882 0.3682432432432433 0.8529411764705882
2 0.625 0.3647058823529413 0.5912162162162162 0.3647058823529413 0.5912162162162162 0.4117647058823531 0.625 0.4117647058823531
2 0.43762993762993757 0.37828054298642544 0.409043659043659 0.3683257918552037 0.4002079002079002 0.4452488687782806 0.42879417879417875 0.45520361990950226
2 0.6554054054054054 0.32352941176470607 0.6148648648648649 0.32352941176470607 0.6148648648648649 0.37058823529411783 0.6554054054054054 0.37058823529411783
2 0.5608108108108109 0.2588235294117648 0.5371621621621622 0.2588235294117648 0.5371621621621622 0.311764705882353 0.5608108108108109 0.311764705882353
2 0.7668918918918919 0.5000000000000002 0.7263513513513513 0.5000000000000002 0.7263513513513513 0.5588235294117648 0.7668918918918919 0.5588235294117648
2 0.9459459459459459 0.6000000000000002 0.9222972972972973 0.6000000000000002 0.9222972972972973 0.6411764705882355 0.9459459459459459 0.6411764705882355
2 0.657972972972973 0.1960000000000002 0.6352702702702702 0.16635294117647076 0.6097297297297297 0.22564705882352953 0.6324324324324324 0.255294117647059
2 0.6722972972972973 0.0705882352941178 0.6216216216216216 0.07058823529411778 0.6216216216216216 0.11176470588235307 0.6722972972972973 0.11176470588235307
2 0.6891891891891891 0.13529411764705898 0.6452702702702703 0.13529411764705895 0.6452702702702703 0.18235294117647072 0.6891891891891891 0.18235294117647075
2 0.6959459459459459 0.235294117647059 0.6722972972972973 0.235294117647059 0.6722972972972973 0.2705882352941178 0.6959459459459459 0.2705882352941178
2 0.7263513513513513 0.18235294117647066 0.7077702702702703 0.15000000000000008 0.6925675675675675 0.1764705882352943 0.7111486486486487 0.20882352941176488
2 0.75 0.12941176470588253 0.7195945945945946 0.12941176470588253 0.7195945945945946 0.16470588235294134 0.75 0.16470588235294134
2 0.9054054054054054 0.08235294117647078 0.8581081081081081 0.08235294117647078 0.8581081081081081 0.135294117647059 0.9054054054054054 0.13529411764705904
2 0.8344594594594594 0.14117647058823546 0.7837837837837838 0.14117647058823546 0.7837837837837838 0.20000000000000018 0.8344594594594594 0.20000000000000018
2 0.9391891891891891 0.1823529411764708 0.9054054054054054 0.1823529411764708 0.9054054054054054 0.21764705882352958 0.9391891891891891 0.21764705882352958
2 0.7462058212058214 0.341085972850679 0.702962577962578 0.33167420814479653 0.6930353430353431 0.4699547511312218 0.7362785862785863 0.4793665158371042
2 0.9594594594594594 0.2941176470588237 0.9324324324324325 0.2941176470588237 0.9324324324324325 0.3588235294117649 0.9594594594594594 0.3588235294117649
2 0.9966216216216216 0.37058823529411783 0.9662162162162162 0.37058823529411783 0.9662162162162162 0.4176470588235296 0.9966216216216216 0.4176470588235296
2 0.27702702702702703 0.3176470588235295 0.24662162162162163 0.3176470588235295 0.24662162162162163 0.3705882352941177 0.27702702702702703 0.3705882352941177