2 0.29957805907172996 0.431924882629108 0.21097046413502116 0.431924882629108 0.21097046413502116 0.568075117370892 0.29957805907173 0.568075117370892
2 0.7855071538408329 0.5440148245504975 0.7745249839045232 0.4299652475593367 0.6317993412826367 0.44698032668478294 0.6427815112189464 0.5610299036759439
2 0.9936708860759493 0.38262910798122085 0.9282700421940928 0.30985915492957766 0.8459915611814346 0.4014084507042255 0.9113924050632911 0.47417840375586867
2 0.7502315529484409 0.39551127905645256 0.7444684573428013 0.3377991526394138 0.673613255119893 0.34655902897057145 0.6793763507255326 0.4042711553876102
2 0.5611814345991561 0.7136150234741784 0.528518242740134 0.656503728251864 0.4864730702407544 0.6862745098039216 0.5191362620997766 0.743385805026236
2 0.6751054852320676 0.7464788732394366 0.5874716001298279 0.7269772481040087 0.5744888023369036 0.7992054893463344 0.6621226874391433 0.8187071144817625
2 0.8634896996773392 0.8000552333609501 0.8247704144949117 0.7282518641259321 0.7577562670637874 0.7729908864954431 0.7964755522462149 0.8447942557304612
2 0.1828493422685531 0.7260149130074565 0.13186895011169034 0.7216514774924054 0.12623479771655507 0.8031483015741508 0.17721518987341783 0.8075117370892019
2 0.09867597846646307 0.715654848632022 0.05885348465008012 0.7130484053747773 0.052931761967117796 0.8250607090820785 0.09275425578350076 0.8276671523393232
2 0.14345991561181437 0.4694835680751175 0.07805907172995781 0.3967136150234743 -0.010548523206751025 0.49530516431924887 0.054852320675105544 0.5680751173708921
2 0.16455696202531653 0.40375586854460094 0.13235962349886404 0.39927771758757674 0.1265822784810127 0.45070422535211274 0.15877961700746515 0.45518237630913694
2 0.09704641350210974 0.3615023474178404 0.05907172995780595 0.3615023474178404 0.05907172995780595 0.4084507042253521 0.09704641350210974 0.4084507042253521
2 0.3670886075949367 0.43661971830985913 0.35738396624472574 0.404225352112676 0.3308016877637131 0.41408450704225347 0.3405063291139241 0.4464788732394366
2 0.48523206751054854 0.788732394366197 0.48081791626095427 0.749440231130372 0.4574488802336904 0.7526905019862767 0.46186303148328467 0.7919826652221018
2 0.8807205452775073 0.8748645720476708 0.7882181110029212 0.8542795232936079 0.778805582603051 0.9066449981942941 0.8713080168776371 0.927230046948357
2 0.9873417721518988 0.9201877934272302 0.9100481684776521 0.9144542772861358 0.9058287591949516 0.9848768124974033 0.9831223628691983 0.9906103286384976
2 0.9383966244725738 0.5436619718309859 0.9215189873417721 0.5061032863849766 0.8810126582278481 0.5286384976525823 0.8978902953586498 0.5661971830985916
2 0.9008438818565401 0.6643192488262912 0.8523206751054853 0.6103286384976527 0.8270042194092828 0.6384976525821597 0.8755274261603376 0.6924882629107982
2 0.9071729957805907 0.7276995305164319 0.8438818565400844 0.7276995305164319 0.8438818565400844 0.7793427230046949 0.9071729957805907 0.7793427230046949