2 0.48458149779735693 0.581081081081081 0.4273127753303966 0.581081081081081 0.4273127753303966 0.6216216216216216 0.48458149779735693 0.6216216216216216
2 0.7051846831582516 0.6053361053361055 0.6851236868858015 0.5694386694386695 0.6443239579803457 0.5932778932778934 0.6643849542527958 0.6291753291753293
2 0.6255506607929515 0.40540540540540554 0.5770925110132159 0.40540540540540554 0.5770925110132159 0.4414414414414416 0.6255506607929515 0.4414414414414416
2 0.8486844764175725 0.3040747169187536 0.83449864608172 0.25572361352177864 0.7807460695954411 0.2722125795520291 0.7949318999312937 0.320563682949004
2 0.8929176550321926 0.11954261954261965 0.8407319552694001 0.08905058905058913 0.8163334462893935 0.1327096327096328 0.8685191460521858 0.16320166320166332
2 0.4378854625550661 0.0486486486486487 0.4008810572687225 0.03603603603603607 0.3859030837004406 0.08198198198198199 0.4229074889867842 0.09459459459459463
2 0.2988114038733273 0.19862315145334014 0.2551741334884881 0.18587455379908213 0.2427063419499626 0.23049464558898522 0.2863436123348018 0.24324324324324326
2 0.3832599118942731 0.32432432432432434 0.3436123348017621 0.32432432432432434 0.3436123348017621 0.35585585585585583 0.3832599118942731 0.35585585585585583
2 0.45374449339207057 0.34234234234234234 0.40196159920206137 0.3272140064592895 0.3901587565455907 0.3694543600203978 0.4419416507355998 0.3845826959034506
2 0.21760452165239808 0.5996090430052696 0.16058515501620818 0.5829508754037057 0.14562380516997764 0.6364949855515892 0.20264317180616753 0.6531531531531531
2 0.3052003868056302 0.5967369808833225 0.26023423229827025 0.5916282135794331 0.2555603309337059 0.6346407382992749 0.3005264854410659 0.6397495056031641
2 0.3744493392070485 0.7297297297297297 0.304314636047011 0.6836276709922919 0.282987961004469 0.7175496796435427 0.35312266416450644 0.7636517383809803
2 0.42012876990850556 0.77006237006237 0.41355472721111486 0.7162855162855163 0.37668586919688235 0.7209979209979209 0.38325991189427305 0.7747747747747746
2 0.7469869503781897 0.8199048104708484 0.6998586983625634 0.8061363250042497 0.6872246696035244 0.8513513513513513 0.7343529216191507 0.8651198368179501
2 0.5649610301592681 0.9235620235620235 0.5123686885801424 0.9168399168399168 0.5066079295154186 0.963963963963964 0.5592002710945444 0.9706860706860707
2 0.2731277533039649 0.8333333333333334 0.24229074889867855 0.8333333333333334 0.24229074889867855 0.8783783783783784 0.2731277533039649 0.8783783783783784