2 0.40476190476190493 0.7083333333333334 0.3571428571428572 0.7083333333333334 0.3571428571428572 0.7559523809523809 0.40476190476190493 0.7559523809523809
2 0.2797619047619048 0.4107142857142857 0.13690476190476195 0.4107142857142857 0.13690476190476195 0.48214285714285715 0.2797619047619048 0.48214285714285715
2 0.5297619047619048 0.059523809523809576 0.38095238095238093 0.05952380952380957 0.38095238095238093 0.1785714285714286 0.5297619047619048 0.17857142857142863
2 0.7202380952380952 0.2500000000000001 0.6607142857142857 0.2500000000000001 0.6607142857142857 0.3095238095238096 0.7202380952380952 0.3095238095238096
2 0.7685714285714286 0.1497619047619047 0.7371428571428572 0.10785714285714285 0.6914285714285714 0.14214285714285715 0.7228571428571429 0.18404761904761902
2 0.9226190476190477 0.02976190476190487 0.8511904761904762 0.029761904761904868 0.8511904761904762 0.11904761904761915 0.9226190476190477 0.11904761904761918
2 0.8988095238095238 0.6785714285714287 0.8511904761904762 0.6785714285714287 0.8511904761904762 0.7142857142857144 0.8988095238095238 0.7142857142857144
2 0.8035714285714286 0.5000000000000001 0.6785714285714286 0.5 0.6785714285714286 0.5595238095238096 0.8035714285714286 0.5595238095238096
2 0.3630952380952381 0.2797619047619048 0.23809523809523808 0.27976190476190477 0.23809523809523808 0.33333333333333337 0.3630952380952381 0.3333333333333334
2 0.47619047619047616 0.23214285714285723 0.4107142857142857 0.23214285714285723 0.4107142857142857 0.30357142857142866 0.47619047619047616 0.30357142857142866
2 0.4821428571428573 0.8452380952380952 0.44047619047619063 0.8452380952380952 0.44047619047619063 0.8809523809523809 0.4821428571428573 0.8809523809523809
2 0.875 0.3511904761904763 0.7797619047619048 0.3511904761904763 0.7797619047619048 0.4226190476190478 0.875 0.4226190476190478