2 0.22509225092250923 0.20430107526881724 0.15129151291512916 0.20430107526881722 0.15129151291512916 0.2903225806451613 0.22509225092250923 0.2903225806451613
2 0.3992052228214589 0.12646815550041363 0.3333522565994891 0.11447477253928871 0.3270508089696282 0.18792390405293638 0.39290377519159797 0.19991728701406128
2 0.44649446494464945 0.47849462365591405 0.3874538745387454 0.478494623655914 0.3874538745387454 0.553763440860215 0.44649446494464945 0.5537634408602151
2 0.17025318768039163 0.9536889172788247 0.16488253991450805 0.8754391568189078 0.09108180190712799 0.8861918449909508 0.09645244967301157 0.9644416054508677
2 0.5940959409594095 0.7204301075268817 0.5276752767527675 0.7204301075268817 0.5276752767527675 0.8440860215053764 0.5940959409594095 0.8440860215053764
2 0.6998296906045984 0.686724565756824 0.6466080045415838 0.6712158808933004 0.6382344592676695 0.7322167080231597 0.6914561453306841 0.7477253928866833
2 0.7357933579335794 0.7967741935483873 0.6885608856088561 0.7623655913978495 0.6634686346863469 0.8354838709677421 0.7107011070110701 0.8698924731182798
2 0.9435462395861071 0.6151757011417804 0.8760984517061665 0.5714998337213172 0.8313615094913837 0.7181576321915532 0.8988092973713241 0.7618334996120165
2 0.7638376383763837 0.4247311827956991 0.7195571955719557 0.4247311827956991 0.7195571955719557 0.5000000000000001 0.7638376383763837 0.5000000000000001
2 0.8819188191881919 0.17741935483870983 0.8302583025830258 0.17741935483870983 0.8302583025830258 0.2688172043010754 0.8819188191881919 0.2688172043010754
2 0.933579335793358 0.1505376344086023 0.8745387453874539 0.1505376344086023 0.8745387453874539 0.22580645161290339 0.933579335793358 0.22580645161290339