0 0.6466666666666667 0.5466666666666667 0.6105882352941177 0.5376470588235295 0.6019607843137256 0.5721568627450981 0.6380392156862746 0.5811764705882354
0 0.7133333333333334 0.47333333333333333 0.6666666666666666 0.47333333333333333 0.6666666666666666 0.52 0.7133333333333334 0.52
0 0.42933333333333334 0.5519999999999999 0.3448533333333333 0.53664 0.3243733333333333 0.64928 0.40885333333333335 0.66464
0 0.5026666666666667 0.7413333333333334 0.45733333333333337 0.7186666666666668 0.4360000000000001 0.7613333333333334 0.48133333333333345 0.7839999999999999
0 0.42240437158469957 0.793551912568306 0.35846994535519133 0.7168306010928961 0.31322404371584706 0.7545355191256831 0.37715846994535523 0.8312568306010929
0 0.46 0.6666666666666666 0.4200000000000001 0.6666666666666666 0.4200000000000001 0.7266666666666667 0.46 0.7266666666666667
0 0.37369369369369376 0.9354954954954957 0.36234234234234236 0.8673873873873873 0.3158558558558558 0.8751351351351351 0.3272072072072072 0.9432432432432434
0 0.49333333333333335 0.3933333333333334 0.4533333333333333 0.3933333333333334 0.4533333333333333 0.44 0.49333333333333335 0.44
0 0.49666666666666665 0.6233333333333332 0.48333333333333334 0.5833333333333333 0.45133333333333336 0.5939999999999999 0.4646666666666667 0.6339999999999999
0 0.56 0.5266666666666666 0.5133333333333333 0.5266666666666666 0.5133333333333333 0.5733333333333334 0.56 0.5733333333333334
0 0.3333333333333334 0.44 0.2800000000000001 0.44 0.2800000000000001 0.54 0.3333333333333334 0.54
0 0.4386274509803921 0.317843137254902 0.39156862745098037 0.2896078431372549 0.3315686274509804 0.38960784313725494 0.37862745098039213 0.41784313725490196
0 0.7066666666666667 8.286776674230424e-17 0.6466666666666666 7.919382634486218e-17 0.6466666666666666 0.08000000000000008 0.7066666666666667 0.0800000000000001
0 0.86 0.05333333333333343 0.8066666666666666 0.05333333333333343 0.8066666666666666 0.15333333333333343 0.86 0.15333333333333343
0 0.5608 0.13893333333333335 0.5384 0.12213333333333343 0.5104 0.15946666666666676 0.5327999999999999 0.17626666666666668
0 0.6466666666666666 0.060000000000000074 0.5666666666666667 0.060000000000000074 0.5666666666666667 0.12000000000000006 0.6466666666666666 0.12000000000000009
0 0.44666666666666666 5.102694996447305e-17 0.38 4.69447939673152e-17 0.38 0.08000000000000004 0.44666666666666666 0.08000000000000004
0 0.36400000000000005 0.14533333333333334 0.3328000000000001 0.10373333333333337 0.30933333333333335 0.1213333333333334 0.3405333333333333 0.16293333333333337
0 0.27333333333333343 0.6133333333333333 0.23333333333333342 0.6133333333333333 0.23333333333333342 0.6533333333333333 0.27333333333333343 0.6533333333333333
0 0.38666666666666677 0.49333333333333335 0.3733333333333334 0.49333333333333335 0.3733333333333334 0.5266666666666666 0.38666666666666677 0.5266666666666666
0 0.5743589743589743 0.2717948717948719 0.5497435897435897 0.2553846153846154 0.5302564102564101 0.2846153846153846 0.5548717948717948 0.3010256410256411
0 0.6333333333333333 0.3733333333333334 0.6 0.3733333333333334 0.6 0.41333333333333344 0.6333333333333333 0.41333333333333344