0 0.14000000000000004 0.38666666666666666 0.04666666666666672 0.38666666666666666 0.04666666666666672 0.48 0.14000000000000004 0.48
0 0.26666666666666666 0.20000000000000004 0.17333333333333337 0.2 0.17333333333333337 0.3333333333333333 0.26666666666666666 0.3333333333333333
0 0.42 0.14000000000000004 0.21333333333333335 0.14000000000000004 0.21333333333333335 0.24 0.42 0.24000000000000005
0 0.4586666666666667 0.34266666666666673 0.31200000000000006 0.26933333333333337 0.21200000000000002 0.4693333333333334 0.35866666666666674 0.5426666666666667
0 0.48 0.5266666666666666 0.3933333333333334 0.5266666666666666 0.3933333333333334 0.64 0.48 0.64
0 0.44 0.5933333333333334 0.28666666666666674 0.5933333333333334 0.28666666666666674 0.74 0.44 0.74
0 0.31551673944687053 0.6002911208151382 0.20590975254730726 0.5856768558951965 0.17219796215429412 0.8385152838427948 0.28180494905385745 0.8531295487627366
0 0.7933333333333333 0.4333333333333334 0.6733333333333333 0.43333333333333335 0.6733333333333333 0.74 0.7933333333333333 0.7400000000000001
0 0.848 0.3306666666666668 0.7333333333333333 0.27333333333333343 0.6719999999999999 0.3960000000000001 0.7866666666666666 0.4533333333333334
0 0.66 0.22000000000000008 0.5266666666666666 0.22000000000000008 0.5266666666666666 0.32666666666666677 0.66 0.32666666666666677
0 0.82 0.14666666666666675 0.7333333333333333 0.14666666666666675 0.7333333333333333 0.23333333333333342 0.82 0.23333333333333342
0 0.7613333333333333 0.10933333333333328 0.74 0.06666666666666662 0.7053333333333333 0.084 0.7266666666666666 0.12666666666666668
0 0.9933333333333333 0.20666666666666678 0.86 0.20666666666666675 0.86 0.3600000000000001 0.9933333333333333 0.3600000000000001
0 0.9533333333333334 0.7200000000000002 0.8333333333333334 0.7200000000000002 0.8333333333333335 0.8200000000000002 0.9533333333333334 0.8200000000000002
0 0.7800000000000001 0.9333333333333333 0.6800000000000002 0.9333333333333333 0.6800000000000002 0.9933333333333333 0.7800000000000001 0.9933333333333333