0 0.4066666666666667 0.026666666666666713 0.35333333333333333 0.026666666666666713 0.35333333333333333 0.08666666666666671 0.4066666666666667 0.08666666666666671
0 0.43666666666666665 0.2833333333333334 0.35 0.19666666666666666 0.30666666666666664 0.24 0.39333333333333337 0.3266666666666667
0 0.3682051282051283 0.1723076923076923 0.34051282051282056 0.1307692307692308 0.30512820512820515 0.15435897435897442 0.3328205128205128 0.1958974358974359
0 0.5266666666666666 0.2800000000000001 0.46 0.2800000000000001 0.46 0.35333333333333344 0.5266666666666666 0.35333333333333344
0 0.54 0.3933333333333334 0.49333333333333335 0.3933333333333334 0.49333333333333335 0.46 0.54 0.46
0 0.3733333333333334 0.3933333333333333 0.30666666666666675 0.3933333333333333 0.30666666666666675 0.47333333333333333 0.3733333333333334 0.47333333333333333
0 0.3107692307692308 0.5938461538461539 0.25846153846153846 0.5589743589743591 0.22358974358974357 0.6112820512820514 0.2758974358974359 0.6461538461538462
0 0.3733333333333334 0.5666666666666667 0.3333333333333334 0.5666666666666667 0.3333333333333334 0.6333333333333333 0.3733333333333334 0.6333333333333333
0 0.3735571843084244 0.8335571843084244 0.3266666666666667 0.7866666666666668 0.28666666666666674 0.8266666666666669 0.3335571843084244 0.8735571843084244
0 0.41333333333333344 0.8666666666666667 0.3400000000000001 0.8666666666666667 0.3400000000000001 0.9266666666666666 0.41333333333333344 0.9266666666666666
0 0.5266666666666668 0.8866666666666667 0.4466666666666669 0.8866666666666667 0.4466666666666669 0.9933333333333333 0.5266666666666668 0.9933333333333333
0 0.4066666666666668 0.9466666666666667 0.34666666666666673 0.9466666666666667 0.34666666666666673 0.9933333333333333 0.4066666666666668 0.9933333333333333
0 0.24666666666666676 0.8733333333333333 0.21333333333333343 0.8733333333333333 0.21333333333333343 0.92 0.24666666666666676 0.92
0 0.2600000000000001 0.9533333333333334 0.21333333333333343 0.9533333333333334 0.21333333333333343 0.9933333333333333 0.2600000000000001 0.9933333333333333
0 0.7133333333333335 0.8133333333333334 0.6466666666666668 0.8133333333333334 0.6466666666666668 0.88 0.7133333333333335 0.88
0 0.72 0.5066666666666667 0.6466666666666666 0.5066666666666667 0.6466666666666666 0.5733333333333334 0.72 0.5733333333333334
0 0.8066666666666666 0.5400000000000001 0.7666666666666667 0.5400000000000001 0.7666666666666667 0.6066666666666668 0.8066666666666666 0.6066666666666669
0 0.32000000000000006 0.34 0.26666666666666666 0.34 0.2666666666666667 0.4 0.3200000000000001 0.4