0 0.43333333333333335 0.34666666666666673 0.36 0.3466666666666667 0.36000000000000004 0.40666666666666673 0.43333333333333335 0.4066666666666668
0 0.4866666666666667 0.3600000000000001 0.43333333333333335 0.3600000000000001 0.43333333333333335 0.4266666666666667 0.4866666666666667 0.4266666666666667
0 0.44613333333333344 0.5429333333333333 0.4120000000000001 0.5173333333333333 0.3760000000000001 0.5653333333333334 0.41013333333333346 0.5909333333333333
0 0.5 0.5 0.46 0.5 0.46 0.5466666666666666 0.5 0.5466666666666666
0 0.56 0.4666666666666667 0.5066666666666667 0.4666666666666667 0.5066666666666667 0.54 0.56 0.54
0 0.6033333333333334 0.6166666666666667 0.47769230769230775 0.5915384615384615 0.4587179487179487 0.6864102564102564 0.5843589743589744 0.7115384615384616
0 0.8266666666666667 0.4600000000000002 0.7866666666666666 0.4600000000000002 0.7866666666666666 0.5333333333333335 0.8266666666666667 0.5333333333333335
0 0.88 0.42666666666666686 0.8266666666666667 0.42666666666666686 0.8266666666666667 0.5000000000000002 0.88 0.5000000000000002
0 0.8613333333333333 0.2426666666666667 0.7813333333333332 0.21600000000000003 0.7639999999999999 0.26800000000000007 0.8439999999999999 0.29466666666666674
0 0.6333333333333333 0.22000000000000008 0.5333333333333333 0.22000000000000008 0.5333333333333333 0.28666666666666674 0.6333333333333333 0.28666666666666674
0 0.40986666666666666 0.2757333333333334 0.38426666666666665 0.2565333333333334 0.3562666666666667 0.2938666666666668 0.38186666666666663 0.3130666666666667
0 0.5066666666666667 0.2400000000000001 0.48 0.21333333333333335 0.44666666666666666 0.24666666666666667 0.47333333333333344 0.27333333333333343
0 0.5666666666666667 0.3133333333333334 0.5 0.3133333333333334 0.5 0.3933333333333334 0.5666666666666667 0.3933333333333334
0 0.3133333333333334 0.3466666666666667 0.26 0.3466666666666667 0.26000000000000006 0.42 0.3133333333333334 0.42
0 0.24400000000000005 0.33466666666666667 0.1980000000000001 0.31933333333333336 0.17866666666666675 0.3773333333333334 0.22466666666666668 0.3926666666666667
0 0.2666666666666668 0.54 0.21333333333333343 0.54 0.21333333333333343 0.6066666666666667 0.2666666666666668 0.6066666666666667
0 0.9079999999999999 0.9239999999999999 0.8826666666666667 0.848 0.7826666666666667 0.8813333333333333 0.808 0.9573333333333333
0 0.8875862068965518 0.6843678160919541 0.7990804597701149 0.6489655172413794 0.7724137931034484 0.7156321839080461 0.860919540229885 0.7510344827586207
0 0.9693693693693697 0.8362162162162162 0.9589189189189191 0.7735135135135136 0.8594594594594596 0.7900900900900903 0.8699099099099099 0.8527927927927929
0 0.9066666666666666 0.2600000000000001 0.8666666666666667 0.2600000000000001 0.8666666666666667 0.3133333333333334 0.9066666666666666 0.3133333333333334
0 0.9933333333333333 0.16000000000000014 0.94 0.16000000000000011 0.94 0.4066666666666668 0.9933333333333333 0.4066666666666668