0 0.588 0.14400000000000004 0.43866666666666665 0.06933333333333337 0.39599999999999996 0.1546666666666667 0.5453333333333333 0.22933333333333336
0 0.4266666666666667 0.24000000000000005 0.36 0.24 0.36 0.3066666666666667 0.4266666666666667 0.30666666666666675
0 0.46 0.32666666666666677 0.4 0.32666666666666677 0.4 0.3933333333333334 0.46 0.3933333333333334
0 0.32 0.29333333333333333 0.24 0.29333333333333333 0.24000000000000005 0.44 0.32000000000000006 0.44
0 0.4949333333333335 0.6421333333333336 0.38693333333333335 0.49813333333333343 0.3122666666666667 0.5541333333333334 0.4202666666666668 0.6981333333333335
0 0.3200000000000001 0.5733333333333334 0.27333333333333343 0.5733333333333334 0.27333333333333343 0.6733333333333333 0.3200000000000001 0.6733333333333333
0 0.23333333333333342 0.62 0.15333333333333343 0.62 0.15333333333333343 0.7133333333333334 0.23333333333333342 0.7133333333333334
0 0.18000000000000005 0.32 0.12000000000000005 0.32 0.12000000000000005 0.4 0.18000000000000005 0.4
0 0.18666666666666668 0.16 0.10000000000000002 0.16 0.10000000000000002 0.26666666666666666 0.1866666666666667 0.26666666666666666
0 0.35333333333333333 0.10666666666666672 0.25333333333333335 0.10666666666666672 0.25333333333333335 0.19333333333333338 0.35333333333333333 0.19333333333333338
0 0.060000000000000026 0.12 1.5512192789199808e-17 0.12 2.0410779985789222e-17 0.2 0.060000000000000026 0.2
0 0.6133333333333333 6.8172005152536e-17 0.4666666666666667 5.919126195878874e-17 0.4666666666666667 0.05333333333333339 0.6133333333333333 0.053333333333333406
0 0.97078431372549 0.13980392156862745 0.840392156862745 0.061568627450980386 0.7839215686274508 0.15568627450980396 0.914313725490196 0.233921568627451
0 0.9933333333333333 1.1593323031928278e-16 0.8866666666666667 1.0940178072383021e-16 0.8866666666666667 0.07333333333333346 0.9933333333333333 0.07333333333333346
0 0.6066666666666668 0.7066666666666667 0.52 0.7066666666666667 0.5200000000000001 0.82 0.6066666666666669 0.82
0 0.74 0.58 0.5866666666666667 0.58 0.5866666666666667 0.7333333333333333 0.74 0.7333333333333333
0 0.3933333333333334 0.7733333333333333 0.3200000000000001 0.7733333333333333 0.3200000000000001 0.8866666666666667 0.3933333333333334 0.8866666666666667
0 0.5213333333333334 0.9026666666666667 0.49333333333333335 0.8466666666666667 0.4453333333333333 0.8706666666666666 0.47333333333333344 0.9266666666666666
0 0.47333333333333355 0.94 0.4066666666666668 0.94 0.4066666666666668 0.9933333333333333 0.47333333333333355 0.9933333333333333
0 0.9933333333333333 0.44000000000000017 0.9466666666666667 0.44000000000000017 0.9466666666666667 0.5666666666666669 0.9933333333333333 0.5666666666666669
0 0.92 0.5466666666666669 0.8466666666666667 0.5466666666666669 0.8466666666666667 0.6200000000000002 0.92 0.6200000000000002
0 0.9933333333333333 0.86 0.8866666666666667 0.86 0.8866666666666667 0.9933333333333333 0.9933333333333333 0.9933333333333333