0 0.30666666666666664 0.20666666666666672 0.22666666666666666 0.20666666666666672 0.22666666666666666 0.29333333333333333 0.30666666666666664 0.29333333333333333
0 0.48919999999999997 0.1289333333333334 0.4033333333333333 0.11666666666666671 0.38733333333333336 0.22866666666666666 0.47319999999999995 0.24093333333333333
0 0.76 0.3000000000000001 0.6666666666666666 0.3000000000000001 0.6666666666666666 0.4000000000000001 0.76 0.4000000000000001
0 0.9933333333333333 0.22000000000000008 0.92 0.22000000000000008 0.92 0.36666666666666675 0.9933333333333333 0.36666666666666675
0 0.84 0.2600000000000001 0.7733333333333333 0.2600000000000001 0.7733333333333333 0.32666666666666677 0.84 0.32666666666666677
0 0.6 0.48 0.49333333333333335 0.48 0.49333333333333335 0.62 0.6 0.62
0 0.5933333333333334 0.7466666666666667 0.5066666666666667 0.7466666666666667 0.5066666666666667 0.82 0.5933333333333335 0.82
0 0.9133333333333333 0.7866666666666668 0.8266666666666669 0.7866666666666668 0.8266666666666669 0.8933333333333333 0.9133333333333333 0.8933333333333333
0 0.9933333333333333 0.6866666666666669 0.9133333333333333 0.6866666666666669 0.9133333333333333 0.8266666666666669 0.9933333333333333 0.8266666666666669
0 0.9933333333333333 0.92 0.9066666666666666 0.92 0.9066666666666666 0.9933333333333333 0.9933333333333333 0.9933333333333333
0 0.10000000000000005 0.42 5.143516556418884e-17 0.42 5.796661515964139e-17 0.5266666666666666 0.10000000000000006 0.5266666666666666
0 0.10000000000000007 0.5533333333333333 6.8172005152536e-17 0.5533333333333333 7.674453274656746e-17 0.6933333333333334 0.10000000000000009 0.6933333333333334
0 0.07333333333333338 0.28 3.510654157555746e-17 0.28 3.959691317243109e-17 0.35333333333333333 0.07333333333333338 0.35333333333333333
0 0.04666666666666667 2.8575091980104908e-18 0 0 2.4492935982947064e-18 0.04 0.04666666666666667 0.04
0 0.2866666666666667 3.0207954378968045e-17 0.20666666666666667 2.5309367182378633e-17 0.20666666666666667 0.060000000000000026 0.2866666666666667 0.060000000000000026
0 0.8853333333333334 0.1026666666666668 0.8159999999999998 0.06800000000000006 0.7719999999999999 0.15600000000000003 0.8413333333333334 0.19066666666666676
0 0.8866666666666667 1.0327854672809346e-16 0.8 9.797174393178826e-17 0.8 0.060000000000000095 0.8866666666666667 0.06000000000000011