0 0.4266666666666667 0.29333333333333345 0.3933333333333333 0.29333333333333345 0.3933333333333333 0.3400000000000001 0.4266666666666667 0.3400000000000001
0 0.547843137254902 0.31137254901960787 0.47333333333333333 0.2666666666666667 0.44568627450980397 0.31274509803921574 0.5201960784313726 0.3574509803921569
0 0.7219999999999999 0.10733333333333334 0.628 0.07600000000000007 0.6126666666666667 0.12200000000000008 0.7066666666666664 0.15333333333333335
0 0.5466666666666666 0.1333333333333334 0.48 0.1333333333333334 0.48 0.20000000000000004 0.5466666666666666 0.20000000000000004
0 0.3366666666666666 0.5233333333333334 0.3 0.48666666666666675 0.24 0.5466666666666667 0.27666666666666667 0.5833333333333334
0 0.3733333333333334 0.5933333333333334 0.3333333333333334 0.5933333333333334 0.3333333333333334 0.6533333333333333 0.3733333333333334 0.6533333333333333
0 0.2400000000000001 0.7 0.1800000000000001 0.7 0.1800000000000001 0.7733333333333333 0.2400000000000001 0.7733333333333333
0 0.20666666666666675 0.54 0.16000000000000006 0.54 0.1600000000000001 0.6466666666666666 0.20666666666666675 0.6466666666666666
0 0.13477477477477479 0.7153153153153152 0.12324324324324328 0.6461261261261261 0.05729729729729731 0.6571171171171172 0.06882882882882882 0.7263063063063063
0 0.4066666666666668 0.72 0.3400000000000001 0.72 0.3400000000000001 0.7933333333333333 0.4066666666666668 0.7933333333333333
0 0.4745098039215687 0.8113725490196078 0.46627450980392154 0.7784313725490194 0.4411764705882353 0.784705882352941 0.44941176470588234 0.8176470588235294
0 0.5533333333333335 0.76 0.5133333333333334 0.76 0.5133333333333335 0.7933333333333333 0.5533333333333336 0.7933333333333333
0 0.5066666666666667 0.66 0.4666666666666667 0.66 0.4666666666666667 0.7 0.5066666666666667 0.7
0 0.49066666666666675 0.5613333333333335 0.4606666666666667 0.5513333333333333 0.4480000000000001 0.5893333333333334 0.4780000000000001 0.5993333333333334
0 0.5466666666666666 0.5333333333333333 0.5066666666666667 0.5333333333333333 0.5066666666666667 0.6 0.5466666666666666 0.6
0 0.6694666666666668 0.43373333333333336 0.6293333333333334 0.428 0.6166666666666667 0.5166666666666667 0.6568 0.5224
0 0.98 0.22000000000000008 0.8666666666666667 0.22000000000000008 0.8666666666666667 0.2800000000000001 0.98 0.2800000000000001
0 0.8266666666666667 0.16666666666666677 0.76 0.16666666666666677 0.76 0.27333333333333343 0.8266666666666667 0.27333333333333343
0 0.6043589743589745 0.2915384615384616 0.5338461538461539 0.2774358974358975 0.5264102564102564 0.3146153846153847 0.596923076923077 0.3287179487179488
0 0.7 0.32666666666666677 0.6266666666666667 0.32666666666666677 0.6266666666666667 0.38666666666666677 0.7 0.38666666666666677
0 0.30666666666666675 0.86 0.2600000000000001 0.86 0.2600000000000001 0.9 0.30666666666666675 0.9
0 0.28666666666666674 0.7933333333333333 0.24666666666666676 0.7933333333333333 0.24666666666666676 0.84 0.28666666666666674 0.84
0 0.28666666666666674 0.7 0.2600000000000001 0.7 0.2600000000000001 0.7466666666666667 0.28666666666666674 0.7466666666666667
0 0.2066666666666667 0.8866666666666668 0.19153153153153155 0.7958558558558559 0.13207207207207208 0.8057657657657658 0.1472072072072072 0.8965765765765767
0 0.15333333333333346 0.9133333333333333 0.09333333333333345 0.9133333333333333 0.09333333333333345 0.9933333333333333 0.1533333333333335 0.9933333333333333
0 0.1000000000000001 0.84 0.03333333333333344 0.84 0.03333333333333344 0.9 0.10000000000000012 0.9
0 0.28000000000000014 0.6333333333333333 0.24600000000000008 0.622 0.228 0.6760000000000002 0.26200000000000007 0.6873333333333335