0 0.6466666666666666 0.18666666666666673 0.46 0.1866666666666667 0.46 0.3333333333333334 0.6466666666666666 0.3333333333333334
0 0.8066666666666666 0.17333333333333342 0.6533333333333333 0.17333333333333342 0.6533333333333333 0.3933333333333334 0.8066666666666666 0.3933333333333334
0 0.6923348461926376 0.4408270297528998 0.5776096822995462 0.4132929904185578 0.5036006051437217 0.7216641452344933 0.618325769036813 0.7491981845688351
0 0.9 0.6333333333333335 0.8133333333333334 0.6333333333333335 0.8133333333333335 0.7933333333333336 0.9 0.7933333333333336
0 0.9933333333333333 0.8866666666666667 0.9 0.8866666666666667 0.9 0.9866666666666667 0.9933333333333333 0.9866666666666667
0 0.3800000000000001 0.7933333333333333 0.21333333333333343 0.7933333333333333 0.21333333333333343 0.9533333333333334 0.3800000000000001 0.9533333333333334
0 0.47333333333333355 0.94 0.32666666666666677 0.94 0.32666666666666677 0.9933333333333333 0.47333333333333355 0.9933333333333333
0 0.3879318734793188 0.5598540145985402 0.22145985401459864 0.4993187347931874 0.19167883211678838 0.5812165450121656 0.35815085158150856 0.6417518248175184
0 0.3400000000000001 0.6466666666666666 0.22666666666666677 0.6466666666666666 0.22666666666666677 0.7666666666666667 0.3400000000000001 0.7666666666666667
0 0.17333333333333337 0.38 0.08000000000000004 0.38 0.08000000000000006 0.52 0.17333333333333337 0.52
0 0.06000000000000011 0.8533333333333334 1.045031935272408e-16 0.8533333333333334 1.1144285872240914e-16 0.9666666666666667 0.060000000000000116 0.9666666666666667
0 0.38666666666666666 3.837226637328373e-17 0.24 2.939152317953648e-17 0.24 0.10000000000000003 0.38666666666666666 0.10000000000000005
0 0.557128205128205 0.016307692307692374 0.45374358974358975 0.0033846153846154494 0.4430769230769231 0.08871794871794879 0.5464615384615384 0.1016410256410257