0 0.8333333333333335 0.7866666666666668 0.7600000000000002 0.7866666666666667 0.7600000000000002 0.86 0.8333333333333335 0.86
0 0.9070588235294118 0.9349019607843139 0.887843137254902 0.8580392156862744 0.7717647058823529 0.8870588235294118 0.7909803921568628 0.9639215686274512
0 0.5974358974358974 0.8405128205128205 0.581025641025641 0.7584615384615385 0.463076923076923 0.782051282051282 0.4794871794871794 0.8641025641025641
0 0.6466666666666666 0.6866666666666666 0.5333333333333333 0.6866666666666666 0.5333333333333333 0.7666666666666667 0.6466666666666666 0.7666666666666667
0 0.7333333333333333 0.6133333333333333 0.6333333333333333 0.6133333333333333 0.6333333333333333 0.7 0.7333333333333333 0.7
0 0.5733333333333335 0.6133333333333335 0.5033333333333333 0.5433333333333333 0.41999999999999993 0.6266666666666668 0.4900000000000001 0.696666666666667
0 0.2690196078431372 0.46274509803921565 0.24235294117647058 0.35607843137254896 0.1764705882352941 0.3725490196078431 0.20313725490196075 0.4792156862745098
0 0.11333333333333338 0.42 0.06666666666666671 0.42 0.06666666666666672 0.5 0.11333333333333338 0.5
0 0.22666666666666677 0.5 0.1666666666666667 0.5 0.16666666666666674 0.5866666666666667 0.22666666666666677 0.5866666666666667
0 0.19333333333333344 0.6533333333333333 0.12000000000000009 0.6533333333333333 0.12000000000000009 0.7533333333333333 0.19333333333333344 0.7533333333333333
0 0.34666666666666673 0.4866666666666667 0.27333333333333343 0.4866666666666667 0.27333333333333343 0.5733333333333334 0.34666666666666673 0.5733333333333334
0 0.08933333333333336 0.168 0.05200000000000002 0.14933333333333337 0.022666666666666693 0.20800000000000002 0.06000000000000003 0.22666666666666666
0 0.1666666666666667 0.22666666666666666 0.10000000000000002 0.22666666666666666 0.10000000000000003 0.32666666666666666 0.1666666666666667 0.32666666666666666
0 0.18666666666666668 0.12666666666666668 0.14 0.12666666666666668 0.14 0.19333333333333333 0.18666666666666668 0.19333333333333333
0 0.30666666666666664 0.12000000000000005 0.21333333333333335 0.12000000000000005 0.21333333333333335 0.20000000000000004 0.30666666666666664 0.20000000000000004
0 0.5266666666666666 0.1333333333333334 0.41333333333333333 0.1333333333333334 0.41333333333333333 0.20000000000000004 0.5266666666666666 0.20000000000000004
0 0.74 0.08666666666666675 0.5866666666666667 0.08666666666666674 0.5866666666666667 0.16666666666666677 0.74 0.16666666666666677
0 0.9133333333333333 0.17333333333333342 0.72 0.17333333333333342 0.72 0.3333333333333334 0.9133333333333333 0.3333333333333334
0 0.6666666666666666 0.24666666666666676 0.62 0.24666666666666676 0.62 0.3333333333333334 0.6666666666666666 0.3333333333333334
0 0.8066666666666666 0.3000000000000001 0.7066666666666667 0.3000000000000001 0.7066666666666667 0.41333333333333344 0.8066666666666666 0.41333333333333344
0 0.98 0.36666666666666675 0.8866666666666667 0.36666666666666675 0.8866666666666667 0.4466666666666669 0.98 0.4466666666666669
0 0.8333333333333334 0.38666666666666677 0.7733333333333333 0.38666666666666677 0.7733333333333333 0.4666666666666668 0.8333333333333334 0.46666666666666684
0 0.7954022988505748 0.5751724137931035 0.7370114942528736 0.42919540229885056 0.6094252873563218 0.48022988505747133 0.667816091954023 0.6262068965517242
0 0.56 0.32666666666666677 0.5066666666666667 0.32666666666666677 0.5066666666666667 0.4000000000000001 0.56 0.4000000000000001
0 0.25333333333333335 0.2 0.1666666666666667 0.2 0.1666666666666667 0.3 0.25333333333333335 0.3
0 0.9933333333333333 0.16000000000000011 0.8933333333333333 0.1600000000000001 0.8933333333333333 0.27333333333333343 0.9933333333333333 0.27333333333333343
0 0.4306666666666667 0.37466666666666676 0.36266666666666664 0.3520000000000001 0.3233333333333333 0.4700000000000001 0.3913333333333334 0.4926666666666668