0 0.4866666666666667 0.32666666666666677 0.4266666666666667 0.32666666666666677 0.4266666666666667 0.3800000000000001 0.4866666666666667 0.3800000000000001
0 0.6126436781609196 0.4183908045977013 0.5655172413793104 0.39954022988505755 0.5416091954022988 0.45931034482758626 0.588735632183908 0.47816091954022993
0 0.536036036036036 0.5895495495495495 0.5241441441441442 0.5181981981981981 0.4517117117117117 0.5302702702702702 0.46360360360360364 0.6016216216216216
0 0.31666666666666665 0.61 0.26333333333333336 0.5566666666666668 0.24 0.5800000000000001 0.29333333333333333 0.6333333333333333
0 0.2400000000000001 0.5866666666666667 0.1600000000000001 0.5866666666666667 0.1600000000000001 0.647996566300349 0.2400000000000001 0.647996566300349
0 0.3000000000000001 0.6733333333333333 0.23333333333333342 0.6733333333333333 0.23333333333333342 0.7133333333333334 0.3000000000000001 0.7133333333333334
0 0.3733333333333334 0.6733333333333333 0.3200000000000001 0.6733333333333333 0.3200000000000001 0.7333333333333333 0.3733333333333334 0.7333333333333333
0 0.08000000000000004 0.38666666666666666 0.02000000000000005 0.38666666666666666 0.02000000000000005 0.44666666666666666 0.08000000000000004 0.44666666666666666
0 0.2541333333333334 0.4656000000000001 0.1506666666666667 0.3880000000000001 0.1082666666666667 0.44453333333333345 0.21173333333333338 0.5221333333333334
0 0.156 0.2853333333333334 0.13066666666666665 0.2346666666666667 0.05599999999999999 0.272 0.08133333333333333 0.3226666666666667
0 0.19333333333333333 0.15333333333333332 0.12666666666666668 0.15333333333333332 0.12666666666666668 0.2 0.19333333333333336 0.2
0 0.32666666666666666 0.10666666666666672 0.26666666666666666 0.10666666666666672 0.26666666666666666 0.16000000000000006 0.32666666666666666 0.16000000000000006
0 0.09333333333333334 0.013333333333333343 0.013333333333333336 0.013333333333333336 0.013333333333333343 0.08666666666666667 0.09333333333333334 0.08666666666666667
0 0.84 0.35333333333333344 0.7866666666666666 0.35333333333333344 0.7866666666666666 0.4200000000000001 0.84 0.4200000000000001
0 0.28666666666666674 0.84 0.23333333333333342 0.84 0.23333333333333342 0.88 0.28666666666666674 0.88
0 0.66 0.28666666666666674 0.6133333333333333 0.28666666666666674 0.6133333333333333 0.3333333333333334 0.66 0.3333333333333334
0 0.2820512820512821 0.31641025641025644 0.18461538461538468 0.29692307692307696 0.17153846153846158 0.36230769230769233 0.268974358974359 0.3817948717948718