0 0.4266666666666667 0.7133333333333334 0.3133333333333334 0.7133333333333334 0.3133333333333334 0.82 0.42666666666666675 0.82
0 0.6086274509803923 0.687843137254902 0.5272549019607844 0.6390196078431372 0.4566666666666668 0.7566666666666667 0.5380392156862746 0.8054901960784314
0 0.813846153846154 0.715897435897436 0.7076923076923077 0.6451282051282052 0.6564102564102563 0.7220512820512822 0.7625641025641026 0.792820512820513
0 0.6266666666666667 0.5333333333333333 0.56 0.5333333333333333 0.56 0.6066666666666667 0.6266666666666667 0.6066666666666667
0 0.2800000000000001 0.42 0.14000000000000004 0.42 0.14000000000000007 0.7133333333333334 0.2800000000000001 0.7133333333333334
0 0.32261538461538464 0.3442564102564104 0.21646153846153843 0.2616923076923078 0.14 0.3600000000000001 0.24615384615384622 0.44256410256410267
0 0.14733333333333332 0.3246666666666666 0.1296 0.20053333333333329 -0.0066666666666666844 0.22 0.011066666666666667 0.3441333333333333
0 0.2737704918032787 0.1248087431693989 0.1911475409836066 0.055956284153005464 0.1446994535519126 0.11169398907103827 0.2273224043715847 0.1805464480874317
0 0.29333333333333333 0.16000000000000006 0.21333333333333335 0.16000000000000006 0.21333333333333335 0.22 0.29333333333333333 0.22
0 0.5471086556169428 0.35160220994475155 0.38235727440147316 0.16854511970534078 0.2873296500920809 0.2540699815837938 0.4520810313075506 0.4371270718232046
0 0.56 0.11333333333333338 0.37333333333333335 0.11333333333333338 0.37333333333333335 0.2266666666666667 0.56 0.22666666666666677
0 0.7466666666666667 0.2000000000000001 0.6466666666666666 0.2000000000000001 0.6466666666666666 0.2600000000000001 0.7466666666666667 0.2600000000000001
0 0.6250450450450451 0.41027027027027024 0.6048648648648649 0.28918918918918923 0.5227027027027028 0.3028828828828829 0.5428828828828829 0.4239639639639639
0 0.9011494252873562 0.3671264367816093 0.7540229885057471 0.3082758620689656 0.7034482758620689 0.43471264367816104 0.850574712643678 0.49356321839080464
0 0.2533333333333334 0.9333333333333333 0.1266666666666668 0.9333333333333333 0.12666666666666682 0.9933333333333333 0.2533333333333334 0.9933333333333333