0 0.26666666666666666 0.31333333333333335 0.19666666666666668 0.24333333333333343 0.09666666666666669 0.34333333333333343 0.16666666666666663 0.41333333333333333
0 0.4 0.08666666666666671 0.31333333333333335 0.08666666666666671 0.31333333333333335 0.1866666666666667 0.4 0.1866666666666667
0 0.6637937384898709 0.041252302025782846 0.6147329650092078 -0.013259668508287158 0.5241252302025781 0.06828729281767967 0.573186003683241 0.12279926335174968
0 0.7333333333333333 0.09333333333333348 0.6564102564102563 0.04205128205128209 0.5958974358974358 0.13282051282051283 0.6728205128205127 0.1841025641025642
0 0.9933333333333333 0.09333333333333345 0.88 0.09333333333333345 0.88 0.18666666666666676 0.9933333333333333 0.1866666666666668
0 0.82 0.20666666666666675 0.7466666666666667 0.20666666666666675 0.7466666666666667 0.2800000000000001 0.82 0.2800000000000001
0 0.9066666666666666 0.5933333333333334 0.7466666666666667 0.5933333333333334 0.7466666666666667 0.7133333333333334 0.9066666666666666 0.7133333333333335
0 0.8466666666666667 0.5200000000000002 0.7733333333333333 0.5200000000000001 0.7733333333333333 0.5866666666666668 0.8466666666666667 0.5866666666666669
0 0.8666666666666667 0.7400000000000002 0.7933333333333333 0.7400000000000002 0.7933333333333334 0.8000000000000002 0.8666666666666667 0.8000000000000002
0 0.62 0.72 0.54 0.72 0.5400000000000001 0.78 0.6200000000000001 0.78
0 0.5533333333333333 0.5666666666666667 0.4666666666666667 0.5666666666666667 0.4666666666666667 0.66 0.5533333333333333 0.66
0 0.7013333333333335 0.5426666666666667 0.6546666666666667 0.44933333333333336 0.5293333333333333 0.5120000000000001 0.5760000000000001 0.6053333333333334
0 0.21333333333333343 0.5266666666666666 0.14666666666666672 0.5266666666666666 0.14666666666666675 0.5933333333333334 0.21333333333333343 0.5933333333333334
0 0.4066666666666668 0.7533333333333333 0.2600000000000001 0.7533333333333333 0.2600000000000001 0.8533333333333334 0.4066666666666668 0.8533333333333334