0 0.7133333333333334 0.10666666666666676 0.6466666666666666 0.10666666666666676 0.6466666666666666 0.16666666666666677 0.7133333333333334 0.16666666666666677
0 0.578974358974359 0.2682051282051283 0.5374358974358974 0.24051282051282064 0.5056410256410256 0.2882051282051284 0.5471794871794872 0.3158974358974361
0 0.58 0.3733333333333334 0.5 0.3733333333333334 0.5 0.44018612201340557 0.58 0.44018612201340557
0 0.58 0.5 0.5 0.5 0.5 0.5733333333333334 0.58 0.5733333333333334
0 0.64 0.44666666666666666 0.54 0.44666666666666666 0.54 0.49333333333333335 0.64 0.49333333333333335
0 0.7133333333333334 0.6133333333333333 0.6533333333333333 0.6133333333333333 0.6533333333333333 0.68 0.7133333333333334 0.68
0 0.5533333333333333 0.66 0.4266666666666667 0.66 0.4266666666666667 0.74 0.5533333333333333 0.74
0 0.35666666666666674 0.5233333333333335 0.2966666666666667 0.4633333333333333 0.20999999999999996 0.55 0.2700000000000001 0.6100000000000002
0 0.3666666666666667 0.35333333333333333 0.3 0.35333333333333333 0.30000000000000004 0.42 0.36666666666666675 0.42
0 0.18000000000000005 0.31333333333333335 0.10666666666666672 0.31333333333333335 0.10666666666666672 0.36666666666666664 0.18000000000000005 0.36666666666666664
0 0.2400000000000001 0.4 0.20000000000000004 0.4 0.20000000000000004 0.44666666666666666 0.2400000000000001 0.44666666666666666
0 0.26133333333333336 0.6839999999999999 0.24133333333333332 0.624 0.14533333333333331 0.6559999999999999 0.16533333333333336 0.716
0 0.42431372549019614 0.6905882352941177 0.403921568627451 0.6090196078431372 0.29725490196078436 0.635686274509804 0.31764705882352945 0.7172549019607845
0 0.3400000000000001 0.7333333333333333 0.2600000000000001 0.7333333333333333 0.2600000000000001 0.82 0.3400000000000001 0.82
0 0.5771264367816091 0.8888505747126436 0.5385057471264368 0.798735632183908 0.3960919540229885 0.8597701149425286 0.4347126436781609 0.9498850574712644
0 0.35333333333333344 0.9 0.28666666666666674 0.9 0.28666666666666674 0.9533333333333334 0.35333333333333344 0.9533333333333334
0 0.8266666666666667 0.6400000000000002 0.78 0.6400000000000002 0.78 0.6800000000000002 0.8266666666666667 0.6800000000000002
0 0.4666666666666667 0.46 0.4200000000000001 0.46 0.4200000000000001 0.5 0.4666666666666667 0.5