0 0.92 0.5333333333333335 0.8666666666666667 0.5333333333333335 0.8666666666666667 0.5933333333333335 0.92 0.5933333333333335
0 0.8866666666666667 0.6000000000000002 0.76 0.6000000000000001 0.76 0.68 0.8866666666666667 0.6800000000000002
0 0.9933333333333333 0.7533333333333335 0.92 0.7533333333333335 0.92 0.8066666666666669 0.9933333333333333 0.8066666666666669
0 0.8466666666666669 0.7933333333333336 0.7866666666666668 0.7933333333333336 0.7866666666666668 0.8400000000000002 0.8466666666666669 0.8400000000000002
0 0.6866666666666666 0.7466666666666667 0.62 0.7466666666666667 0.6200000000000001 0.78 0.6866666666666668 0.78
0 0.7800000000000001 0.8666666666666667 0.6866666666666669 0.8666666666666667 0.6866666666666669 0.9933333333333333 0.7800000000000001 0.9933333333333333
0 0.6000000000000002 0.8866666666666667 0.5333333333333335 0.8866666666666667 0.5333333333333335 0.9466666666666667 0.6000000000000002 0.9466666666666667
0 0.47333333333333355 0.8333333333333334 0.4200000000000001 0.8333333333333334 0.4200000000000001 0.8866666666666667 0.47333333333333355 0.8866666666666667
0 0.4626666666666667 0.5653333333333334 0.37333333333333335 0.38666666666666666 0.2906666666666667 0.428 0.38000000000000006 0.6066666666666667
0 0.6233333333333332 0.3033333333333334 0.5866666666666667 0.26666666666666683 0.5400000000000001 0.3133333333333334 0.5766666666666667 0.35
0 0.6 6.939665195168336e-17 0.5266666666666666 6.490628035480972e-17 0.5266666666666666 0.060000000000000074 0.6 0.060000000000000074
0 0.7333333333333333 0.21333333333333343 0.6933333333333334 0.21333333333333343 0.6933333333333334 0.2600000000000001 0.7333333333333333 0.2600000000000001
0 0.4266666666666667 0.25333333333333335 0.3333333333333333 0.25333333333333335 0.3333333333333333 0.3333333333333333 0.4266666666666667 0.33333333333333337
0 0.16 0.08666666666666668 0.06000000000000001 0.08666666666666667 0.060000000000000026 0.16 0.16 0.16
0 0.8733333333333333 0.1400000000000001 0.8133333333333334 0.1400000000000001 0.8133333333333334 0.2000000000000001 0.8733333333333333 0.2000000000000001
0 0.9933333333333333 0.21333333333333343 0.94 0.21333333333333343 0.94 0.27333333333333343 0.9933333333333333 0.27333333333333343
0 0.8533333333333334 0.3200000000000001 0.8 0.3200000000000001 0.8 0.36666666666666675 0.8533333333333334 0.36666666666666675
0 0.9933333333333333 0.3400000000000001 0.9133333333333333 0.3400000000000001 0.9133333333333333 0.4000000000000001 0.9933333333333333 0.4000000000000001
0 0.9933333333333333 0.4200000000000001 0.9466666666666667 0.4200000000000001 0.9466666666666667 0.4800000000000002 0.9933333333333333 0.4800000000000002
0 0.8133333333333334 0.4533333333333334 0.7266666666666667 0.4533333333333333 0.7266666666666667 0.5066666666666667 0.8133333333333334 0.5066666666666668