0 0.5327927927927929 0.28342342342342347 0.5234234234234235 0.22720720720720722 0.45639639639639645 0.23837837837837839 0.4657657657657659 0.2945945945945947
0 0.33333333333333337 0.36 0.2733333333333334 0.36 0.27333333333333343 0.4266666666666667 0.3333333333333334 0.4266666666666667
0 0.37333333333333335 0.2866666666666667 0.32 0.2866666666666667 0.32 0.3466666666666667 0.37333333333333335 0.3466666666666667
0 0.2400000000000001 0.44 0.1866666666666667 0.44 0.1866666666666667 0.5266666666666666 0.2400000000000001 0.5266666666666666
0 0.24000000000000005 0.38 0.19333333333333338 0.38 0.19333333333333338 0.42 0.2400000000000001 0.42
0 0.2866666666666667 0.31333333333333335 0.23333333333333334 0.31333333333333335 0.23333333333333334 0.36 0.2866666666666667 0.36
0 0.42333333333333345 0.49666666666666676 0.3566666666666667 0.4300000000000001 0.31666666666666665 0.4700000000000001 0.38333333333333336 0.5366666666666668
0 0.5733333333333334 0.32666666666666677 0.5133333333333333 0.32666666666666677 0.5133333333333333 0.38666666666666677 0.5733333333333334 0.38666666666666677
0 0.6266666666666667 0.3800000000000001 0.5866666666666667 0.3800000000000001 0.5866666666666667 0.41333333333333344 0.6266666666666667 0.41333333333333344
0 0.7773333333333334 0.3520000000000001 0.7346666666666667 0.3306666666666667 0.7186666666666667 0.36266666666666675 0.7613333333333333 0.3840000000000001
0 0.9333333333333333 0.5533333333333336 0.88 0.5533333333333336 0.88 0.6000000000000002 0.9333333333333333 0.6000000000000002
0 0.7 0.6933333333333334 0.63 0.6233333333333333 0.58 0.6733333333333333 0.65 0.7433333333333333
0 0.43333333333333335 0.5733333333333334 0.3800000000000001 0.5733333333333334 0.3800000000000001 0.62 0.43333333333333335 0.62
0 0.52 0.62 0.4666666666666667 0.62 0.4666666666666667 0.6666666666666666 0.52 0.6666666666666666
0 0.5666666666666667 0.48 0.5 0.48 0.5 0.5466666666666666 0.5666666666666667 0.5466666666666666
0 0.6800000000000002 0.7933333333333333 0.6066666666666669 0.7933333333333333 0.6066666666666669 0.8666666666666667 0.6800000000000002 0.8666666666666667
0 0.7633333333333333 0.8233333333333334 0.7066666666666668 0.7666666666666667 0.68 0.7933333333333336 0.7366666666666667 0.8500000000000001
0 0.9933333333333333 0.7333333333333335 0.9066666666666666 0.7333333333333335 0.9066666666666666 0.8133333333333336 0.9933333333333333 0.8133333333333336
0 0.7333333333333335 0.8866666666666667 0.6666666666666669 0.8866666666666667 0.6666666666666669 0.9266666666666666 0.7333333333333335 0.9266666666666666
0 0.8466666666666669 0.96 0.7400000000000002 0.96 0.7400000000000002 0.9933333333333333 0.8466666666666669 0.9933333333333333
0 0.68 0.52 0.6266666666666667 0.52 0.6266666666666667 0.5733333333333334 0.68 0.5733333333333334
0 0.9933333333333333 0.6533333333333335 0.9266666666666666 0.6533333333333335 0.9266666666666666 0.7466666666666668 0.9933333333333333 0.7466666666666668