0 0.3933333333333333 0.2266666666666667 0.3333333333333333 0.22666666666666666 0.3333333333333333 0.2733333333333333 0.3933333333333333 0.2733333333333334
0 0.84 0.3800000000000001 0.76 0.3800000000000001 0.76 0.4600000000000001 0.84 0.4600000000000002
0 0.72 0.3800000000000001 0.62 0.3800000000000001 0.62 0.44666666666666666 0.72 0.44666666666666666
0 0.55 0.3699999999999999 0.5388 0.29159999999999997 0.44639999999999996 0.3048 0.4576 0.38319999999999993
0 0.58 0.22666666666666677 0.49333333333333335 0.22666666666666677 0.49333333333333335 0.28666666666666674 0.58 0.28666666666666674
0 0.6014358974358974 0.17815384615384616 0.5933333333333334 0.11333333333333333 0.5252307692307693 0.12184615384615384 0.5333333333333333 0.18666666666666668
0 0.7133333333333334 0.21333333333333343 0.64 0.21333333333333343 0.64 0.27333333333333343 0.7133333333333334 0.27333333333333343
0 0.9933333333333333 0.060000000000000116 0.9333333333333333 0.060000000000000116 0.9333333333333333 0.18000000000000013 0.9933333333333333 0.18000000000000013
0 0.22705882352941179 0.548235294117647 0.14376470588235302 0.5297254901960785 0.13309803921568636 0.5777254901960786 0.2163921568627451 0.5962352941176471
0 0.3733333333333334 0.4266666666666667 0.3000000000000001 0.4266666666666667 0.3000000000000001 0.4866666666666667 0.3733333333333334 0.4866666666666667
0 0.16000000000000011 0.7466666666666667 9.14402943363357e-17 0.7466666666666667 1.0654427152581973e-16 0.9933333333333333 0.16000000000000014 0.9933333333333333
0 0.9933333333333333 0.7733333333333335 0.9133333333333333 0.7733333333333335 0.9133333333333333 0.86 0.9933333333333333 0.86
0 0.12000000000000005 0.22 0.08000000000000003 0.22 0.08000000000000003 0.26 0.12000000000000005 0.26