0 0.4011382113821138 0.33024390243902435 0.32959349593495935 0.27300813008130076 0.28796747967479674 0.32504065040650404 0.3595121951219512 0.38227642276422763
0 0.554 0.5153333333333333 0.538 0.4673333333333333 0.44600000000000006 0.49799999999999994 0.4620000000000001 0.546
0 0.64 0.4266666666666667 0.5866666666666667 0.4266666666666667 0.5866666666666667 0.49333333333333335 0.64 0.49333333333333335
0 0.48 0.18000000000000005 0.38 0.18000000000000005 0.38 0.28 0.48 0.2800000000000001
0 0.6144 0.1541333333333334 0.5749333333333333 0.12453333333333336 0.5253333333333333 0.1906666666666667 0.5648 0.22026666666666672
0 0.6233333333333333 0.30333333333333345 0.6033333333333334 0.2833333333333335 0.5666666666666667 0.3200000000000001 0.5866666666666667 0.3400000000000001
0 0.6586666666666667 0.2426666666666667 0.6240000000000001 0.2253333333333334 0.6 0.2733333333333334 0.6346666666666667 0.29066666666666674
0 0.5533333333333333 0.02666666666666673 0.5 0.026666666666666727 0.5 0.08666666666666674 0.5533333333333333 0.08666666666666674
0 0.4666666666666667 5.306802796305198e-17 0.4 4.898587196589413e-17 0.4 0.03333333333333339 0.4666666666666667 0.033333333333333395
0 0.34 0.006666666666666708 0.2866666666666667 0.006666666666666705 0.2866666666666667 0.06000000000000003 0.34 0.060000000000000046
0 0.26 0.08000000000000003 0.18666666666666668 0.08000000000000003 0.18666666666666668 0.17333333333333337 0.26 0.17333333333333337
0 0.11711711711711713 0.1172972972972973 0.04792792792792793 0.10576576576576578 0.03981981981981982 0.15441441441441442 0.10900900900900903 0.16594594594594597
0 0.22426666666666667 0.24986666666666665 0.21760000000000002 0.20319999999999996 0.14666666666666664 0.21333333333333332 0.15333333333333332 0.25999999999999995
0 0.040000000000000056 0.43333333333333335 5.3068027963051974e-17 0.43333333333333335 5.715018396020982e-17 0.5 0.040000000000000056 0.5
0 0.2600000000000001 0.4 0.22000000000000008 0.4 0.22000000000000008 0.46 0.2600000000000001 0.46
0 0.12000000000000005 0.32 0.09333333333333338 0.32 0.09333333333333338 0.4 0.12000000000000005 0.4
0 0.18826666666666664 0.5912000000000001 0.17906666666666665 0.5268 0.12493333333333333 0.5345333333333334 0.13413333333333333 0.5989333333333333
0 0.47686274509803944 0.7258823529411766 0.43764705882352944 0.7160784313725491 0.4223529411764706 0.7772549019607844 0.4615686274509805 0.7870588235294119
0 0.56 0.68 0.4866666666666667 0.68 0.4866666666666667 0.74 0.56 0.74
0 0.29 0.8966666666666666 0.2513333333333333 0.7806666666666666 0.12133333333333331 0.824 0.15999999999999995 0.94
0 0.37626666666666686 0.9405333333333336 0.3176000000000002 0.8965333333333334 0.28640000000000015 0.9381333333333335 0.3450666666666668 0.9821333333333336
0 0.5600000000000002 0.88 0.4933333333333335 0.88 0.4933333333333335 0.9333333333333333 0.5600000000000002 0.9333333333333333
0 0.6666666666666667 0.7466666666666667 0.6133333333333333 0.7466666666666667 0.6133333333333334 0.8066666666666666 0.6666666666666669 0.8066666666666666
0 0.7200000000000002 0.8466666666666667 0.6666666666666669 0.8466666666666667 0.6666666666666669 0.9 0.7200000000000002 0.9
0 0.7866666666666667 0.7733333333333334 0.7466666666666667 0.7733333333333333 0.7466666666666668 0.8066666666666668 0.7866666666666668 0.8066666666666669
0 0.84 0.47333333333333355 0.7866666666666666 0.47333333333333355 0.7866666666666666 0.5866666666666669 0.84 0.5866666666666669
0 0.12000000000000012 0.9533333333333334 0.08000000000000011 0.9533333333333334 0.08000000000000011 0.9933333333333333 0.12000000000000015 0.9933333333333333
0 0.4533333333333334 0.5533333333333335 0.41333333333333344 0.5333333333333333 0.37866666666666676 0.6026666666666667 0.41866666666666674 0.6226666666666667