0 0.34707603053009245 0.10316852238989233 0.3400797419765437 0.04901646132970739 0.29926227928544397 0.054289958615309476 0.3062585678389927 0.1084420196754944
0 0.40897435897435896 0.11820512820512823 0.40282051282051284 0.08743589743589747 0.357948717948718 0.09641025641025643 0.36410256410256414 0.12717948717948718
0 0.456 0.18800000000000006 0.424 0.17200000000000004 0.396 0.22800000000000006 0.428 0.24400000000000005
0 0.5266666666666666 0.1333333333333334 0.4666666666666667 0.1333333333333334 0.4666666666666667 0.18000000000000005 0.5266666666666666 0.18000000000000005
0 0.12000000000000005 0.21333333333333335 0.08000000000000003 0.21333333333333335 0.08000000000000003 0.2733333333333333 0.12000000000000005 0.2733333333333333
0 0.21666666666666667 0.24333333333333343 0.18 0.20666666666666672 0.12666666666666668 0.26000000000000006 0.16333333333333339 0.29666666666666675
0 0.22666666666666666 0.3333333333333333 0.17333333333333337 0.3333333333333333 0.17333333333333337 0.38666666666666666 0.22666666666666666 0.38666666666666666
0 0.2615384615384616 0.5210256410256412 0.247948717948718 0.4530769230769232 0.19410256410256413 0.46384615384615396 0.20769230769230773 0.531794871794872
0 0.3066666666666667 0.38666666666666666 0.2666666666666667 0.38666666666666666 0.2666666666666668 0.43333333333333335 0.30666666666666675 0.43333333333333335
0 0.3800000000000001 0.43333333333333335 0.34666666666666673 0.43333333333333335 0.34666666666666673 0.5333333333333333 0.3800000000000001 0.5333333333333333
0 0.10666666666666672 0.49333333333333335 0.08000000000000007 0.49333333333333335 0.08000000000000007 0.5266666666666666 0.10666666666666672 0.5266666666666666
0 0.7466666666666667 0.10666666666666676 0.68 0.10666666666666676 0.68 0.1600000000000001 0.7466666666666667 0.1600000000000001
0 0.9933333333333333 0.29333333333333345 0.9266666666666666 0.29333333333333345 0.9266666666666666 0.35333333333333344 0.9933333333333333 0.35333333333333344
0 0.9246153846153845 0.4030769230769232 0.8815384615384613 0.3743589743589744 0.8507692307692306 0.4205128205128205 0.8938461538461537 0.4492307692307693
0 0.68 0.4666666666666667 0.6266666666666667 0.4666666666666667 0.6266666666666667 0.5133333333333333 0.68 0.5133333333333333
0 0.5826666666666668 0.5680000000000001 0.508 0.5306666666666667 0.48266666666666663 0.5813333333333335 0.5573333333333333 0.6186666666666668
0 0.5533333333333335 0.7466666666666667 0.4666666666666667 0.7466666666666667 0.4666666666666668 0.7933333333333333 0.5533333333333336 0.7933333333333333
0 0.5666666666666667 0.6733333333333333 0.5 0.6733333333333333 0.5 0.7466666666666667 0.5666666666666667 0.7466666666666667
0 0.6792349726775957 0.9115846994535517 0.6644808743169399 0.7492896174863387 0.5887431693989071 0.7561748633879781 0.6034972677595629 0.9184699453551911
0 0.7133333333333334 0.7333333333333333 0.6666666666666666 0.7333333333333333 0.6666666666666667 0.7933333333333333 0.7133333333333334 0.7933333333333333
0 0.9 0.7466666666666668 0.8400000000000001 0.7466666666666668 0.8400000000000002 0.8200000000000002 0.9 0.8200000000000002
0 0.7933333333333336 0.8733333333333333 0.7000000000000002 0.8733333333333333 0.7000000000000002 0.92 0.7933333333333336 0.92
0 0.5523076923076924 0.9051282051282051 0.502051282051282 0.8297435897435896 0.46051282051282055 0.8574358974358974 0.5107692307692309 0.9328205128205129
0 0.3800000000000001 0.7933333333333333 0.3200000000000001 0.7933333333333333 0.3200000000000001 0.8533333333333334 0.3800000000000001 0.8533333333333334
0 0.4333333333333335 0.92 0.3000000000000001 0.92 0.3000000000000001 0.9933333333333333 0.4333333333333335 0.9933333333333333
0 0.24666666666666676 0.6266666666666667 0.1800000000000001 0.6266666666666667 0.1800000000000001 0.68 0.24666666666666676 0.68
0 0.10000000000000007 0.6066666666666667 0.04666666666666674 0.6066666666666667 0.046666666666666745 0.6866666666666666 0.10000000000000009 0.6866666666666666
0 0.3033333333333334 0.7633333333333335 0.2566666666666667 0.7166666666666669 0.23333333333333342 0.7400000000000002 0.2800000000000001 0.7866666666666668
0 0.8066666666666666 0.4400000000000001 0.74 0.44 0.74 0.5533333333333335 0.8066666666666666 0.5533333333333336
0 0.9933333333333333 0.5200000000000002 0.9466666666666667 0.5200000000000002 0.9466666666666667 0.6066666666666669 0.9933333333333333 0.6066666666666669