0 0.47529411764705887 0.11882352941176476 0.3984313725490196 0.09960784313725494 0.3854901960784314 0.1513725490196079 0.46235294117647063 0.17058823529411768
0 0.5133333333333333 0.2533333333333334 0.45666666666666667 0.19666666666666674 0.42333333333333334 0.23000000000000004 0.48 0.28666666666666674
0 0.33333333333333337 0.34 0.21333333333333335 0.34 0.21333333333333337 0.4266666666666667 0.3333333333333334 0.4266666666666667
0 0.5066666666666667 0.36666666666666675 0.38000000000000006 0.3666666666666667 0.3800000000000001 0.4533333333333333 0.5066666666666667 0.4533333333333333
0 0.6466666666666666 0.41333333333333344 0.5466666666666666 0.41333333333333344 0.5466666666666666 0.5 0.6466666666666666 0.5
0 0.6333333333333333 0.6066666666666669 0.5633333333333334 0.5366666666666668 0.49333333333333335 0.6066666666666669 0.5633333333333334 0.6766666666666669
0 0.24666666666666676 0.5066666666666667 0.1866666666666667 0.5066666666666667 0.18666666666666673 0.6066666666666667 0.24666666666666676 0.6066666666666667
0 0.32666666666666677 0.4866666666666667 0.2400000000000001 0.4866666666666667 0.2400000000000001 0.54 0.32666666666666677 0.54
0 0.41333333333333344 0.56 0.3600000000000001 0.56 0.3600000000000001 0.5933333333333334 0.41333333333333344 0.5933333333333334
0 0.616 0.7986666666666667 0.5746666666666667 0.716 0.43866666666666665 0.7839999999999999 0.48 0.8666666666666668
0 0.6666666666666667 0.7466666666666667 0.5933333333333334 0.7466666666666667 0.5933333333333335 0.82 0.6666666666666669 0.82
0 0.7133333333333334 0.6466666666666666 0.64 0.6466666666666666 0.64 0.7266666666666667 0.7133333333333334 0.7266666666666667
0 0.9333333333333333 0.6933333333333335 0.84 0.6933333333333335 0.84 0.7733333333333335 0.9333333333333333 0.7733333333333335
0 0.9133333333333333 0.5666666666666669 0.8666666666666667 0.5666666666666669 0.8666666666666667 0.6200000000000002 0.9133333333333333 0.6200000000000002
0 0.9933333333333333 0.5666666666666669 0.94 0.5666666666666669 0.94 0.6666666666666669 0.9933333333333333 0.6666666666666669
0 0.8066666666666666 0.4066666666666668 0.7733333333333333 0.4066666666666668 0.7733333333333333 0.44666666666666677 0.8066666666666666 0.4466666666666669
0 0.88 0.45333333333333353 0.82 0.45333333333333353 0.82 0.5133333333333335 0.88 0.5133333333333335
0 0.3000000000000001 0.6333333333333333 0.2533333333333334 0.6333333333333333 0.2533333333333334 0.7133333333333334 0.3000000000000001 0.7133333333333334
0 0.3133333333333334 0.5866666666666667 0.27333333333333343 0.5866666666666667 0.27333333333333343 0.6333333333333333 0.3133333333333334 0.6333333333333333
0 0.1866666666666667 0.49333333333333335 0.10666666666666672 0.49333333333333335 0.10666666666666672 0.5733333333333334 0.1866666666666667 0.5733333333333334
0 0.09333333333333338 0.38666666666666666 0.026666666666666713 0.38666666666666666 0.02666666666666672 0.48 0.09333333333333338 0.48
0 0.21546666666666672 0.21840000000000004 0.15480000000000002 0.20973333333333335 0.14333333333333337 0.29 0.20400000000000004 0.2986666666666667