0 0.8400000000000002 0.88 0.7133333333333335 0.88 0.7133333333333335 0.9466666666666667 0.8400000000000002 0.9466666666666667
0 0.8929333333333334 0.8305333333333332 0.884 0.7679999999999999 0.8083999999999999 0.7787999999999999 0.8173333333333332 0.8413333333333333
0 0.9933333333333333 0.7066666666666669 0.9533333333333334 0.7066666666666669 0.9533333333333334 0.7933333333333336 0.9933333333333333 0.7933333333333336
0 0.9933333333333333 0.6266666666666668 0.96 0.6266666666666668 0.96 0.6866666666666669 0.9933333333333333 0.6866666666666669
0 0.8333333333333334 0.6466666666666667 0.7333333333333333 0.6466666666666666 0.7333333333333333 0.74 0.8333333333333334 0.7400000000000001
0 0.9933333333333333 0.5333333333333335 0.9533333333333334 0.5333333333333335 0.9533333333333334 0.6200000000000002 0.9933333333333333 0.6200000000000002
0 0.7866666666666666 0.41333333333333344 0.7266666666666667 0.41333333333333344 0.7266666666666667 0.52 0.7866666666666666 0.5200000000000001
0 0.82 0.3600000000000001 0.7666666666666667 0.3600000000000001 0.7666666666666667 0.42666666666666675 0.82 0.42666666666666686
0 0.98 0.27333333333333343 0.92 0.27333333333333343 0.92 0.3333333333333334 0.98 0.3333333333333334
0 0.96 0.22666666666666677 0.8933333333333333 0.22666666666666677 0.8933333333333333 0.2800000000000001 0.96 0.2800000000000001
0 0.94 0.1600000000000001 0.8866666666666667 0.1600000000000001 0.8866666666666667 0.20666666666666675 0.94 0.20666666666666675
0 0.8533333333333334 0.1800000000000001 0.7933333333333333 0.1800000000000001 0.7933333333333333 0.22666666666666677 0.8533333333333334 0.22666666666666677
0 0.78 0.12666666666666676 0.6866666666666666 0.12666666666666676 0.6866666666666666 0.20666666666666675 0.78 0.20666666666666675
0 0.94 0.07333333333333346 0.88 0.07333333333333346 0.88 0.14666666666666675 0.94 0.14666666666666675
0 0.9933333333333333 0.13333333333333347 0.96 0.13333333333333344 0.96 0.18000000000000013 0.9933333333333333 0.18000000000000013
0 0.8 0.04666666666666676 0.7466666666666667 0.04666666666666676 0.7466666666666667 0.10666666666666676 0.8 0.10666666666666676
0 0.5363218390804598 0.14919540229885062 0.43862068965517237 0.11011494252873566 0.4170114942528735 0.1641379310344828 0.5147126436781609 0.20321839080459775
0 0.38666666666666666 0.1266666666666667 0.3333333333333333 0.1266666666666667 0.3333333333333333 0.1666666666666667 0.38666666666666666 0.1666666666666667
0 0.4707692307692308 0.30615384615384617 0.4461538461538461 0.2692307692307692 0.4030769230769231 0.29794871794871797 0.42769230769230765 0.3348717948717949
0 0.46533333333333343 0.23733333333333342 0.39533333333333337 0.21400000000000005 0.3813333333333334 0.25600000000000006 0.4513333333333334 0.2793333333333334
0 0.36 0.29333333333333333 0.31333333333333335 0.29333333333333333 0.31333333333333335 0.35333333333333333 0.36 0.35333333333333333
0 0.504 0.43866666666666676 0.392 0.3826666666666667 0.3506666666666666 0.46533333333333343 0.4626666666666667 0.5213333333333334
0 0.5637837837837838 0.596036036036036 0.5522522522522523 0.5268468468468469 0.5036036036036037 0.5349549549549549 0.5151351351351352 0.6041441441441441
0 0.32102564102564113 0.4815384615384615 0.2633333333333334 0.47 0.2502564102564103 0.5353846153846155 0.307948717948718 0.546923076923077
0 0.1266666666666667 0.5066666666666667 0.053333333333333406 0.5066666666666667 0.053333333333333406 0.5733333333333334 0.1266666666666667 0.5733333333333334
0 0.10666666666666676 0.82 0.046666666666666766 0.82 0.04666666666666677 0.8733333333333333 0.10666666666666676 0.8733333333333333
0 0.3733333333333334 0.74 0.3000000000000001 0.74 0.3000000000000001 0.82 0.3733333333333334 0.82
0 0.662528735632184 0.43034482758620696 0.5958620689655173 0.4036781609195403 0.5383908045977012 0.5473563218390805 0.6050574712643678 0.5740229885057471
0 0.4548717948717949 0.6476923076923078 0.43846153846153857 0.5656410256410257 0.35512820512820514 0.5823076923076923 0.3715384615384615 0.6643589743589744
0 0.26666666666666666 0.26666666666666666 0.23333333333333334 0.26666666666666666 0.23333333333333334 0.31333333333333335 0.26666666666666666 0.31333333333333335
0 0.15333333333333338 0.28 0.11333333333333338 0.28 0.11333333333333338 0.34 0.15333333333333338 0.34
0 0.08933333333333336 0.26799999999999996 0.036000000000000025 0.24133333333333332 0.006666666666666667 0.3 0.06 0.3266666666666667
0 0.2733333333333333 0.17333333333333337 0.22 0.17333333333333337 0.22 0.21333333333333335 0.2733333333333333 0.21333333333333335
0 0.4533333333333333 0.6866666666666666 0.4066666666666668 0.6866666666666666 0.4066666666666668 0.74 0.4533333333333333 0.74
0 0.4866666666666667 0.6333333333333333 0.4533333333333333 0.6333333333333333 0.4533333333333333 0.6733333333333333 0.4866666666666667 0.6733333333333333