0 0.55 0.8233333333333335 0.5133333333333333 0.7866666666666668 0.4700000000000001 0.8300000000000002 0.5066666666666667 0.8666666666666668
0 0.5866666666666669 0.88 0.4933333333333335 0.88 0.4933333333333335 0.9533333333333334 0.5866666666666669 0.9533333333333334
0 0.6533333333333333 0.2800000000000001 0.6 0.2800000000000001 0.6 0.34666666666666673 0.6533333333333333 0.34666666666666673
0 0.6933333333333334 0.3800000000000001 0.6333333333333333 0.3800000000000001 0.6333333333333333 0.4533333333333333 0.6933333333333334 0.4533333333333333
0 0.8607843137254902 0.38980392156862753 0.8498039215686275 0.34588235294117653 0.719607843137255 0.37843137254901965 0.7305882352941178 0.42235294117647065
0 0.504 0.5746666666666667 0.4720000000000001 0.5106666666666667 0.3626666666666667 0.5653333333333334 0.39466666666666667 0.6293333333333334
0 0.4200000000000001 0.6533333333333333 0.3600000000000001 0.6533333333333333 0.3600000000000001 0.7133333333333334 0.4200000000000001 0.7133333333333334
0 0.3400000000000001 0.7 0.2533333333333334 0.7 0.2533333333333334 0.7533333333333333 0.3400000000000001 0.7533333333333333
0 0.28666666666666674 0.7866666666666666 0.18666666666666676 0.7866666666666666 0.18666666666666676 0.84 0.28666666666666674 0.84
0 0.27333333333333343 0.6 0.1800000000000001 0.6 0.1800000000000001 0.6666666666666666 0.27333333333333343 0.6666666666666666
0 0.24000000000000005 0.1666666666666667 0.19000000000000003 0.11666666666666671 0.14333333333333337 0.1633333333333334 0.19333333333333336 0.21333333333333337
0 0.4266666666666667 0.09333333333333338 0.32666666666666666 0.09333333333333338 0.32666666666666666 0.17333333333333337 0.4266666666666667 0.17333333333333337
0 0.5533333333333333 0.1866666666666667 0.42 0.1866666666666667 0.42 0.3000000000000001 0.5533333333333333 0.3000000000000001
0 0.5446540880503143 0.4396226415094339 0.5046540880503143 0.2996226415094339 0.41924528301886776 0.32402515723270436 0.45924528301886774 0.4640251572327044
0 0.40941176470588236 0.3243137254901961 0.39529411764705885 0.267843137254902 0.3435294117647059 0.28078431372549023 0.35764705882352943 0.33725490196078434
0 0.2466666666666667 0.34 0.18000000000000005 0.34 0.18000000000000005 0.4266666666666667 0.24666666666666676 0.4266666666666667
0 0.7066666666666667 0.18666666666666676 0.6333333333333333 0.18666666666666676 0.6333333333333333 0.24666666666666676 0.7066666666666667 0.24666666666666676
0 0.76 0.2600000000000001 0.6933333333333334 0.2600000000000001 0.6933333333333334 0.3200000000000001 0.76 0.3200000000000001