0 0.6233333333333333 0.2300000000000001 0.5533333333333333 0.16000000000000006 0.48 0.23333333333333342 0.55 0.30333333333333345
0 0.5066666666666667 0.07333333333333339 0.38 0.07333333333333338 0.38 0.17333333333333337 0.5066666666666667 0.17333333333333337
0 0.6563963963963965 0.028288288288288374 0.5645045045045044 0.012972972972973042 0.5529729729729729 0.08216216216216224 0.6448648648648649 0.09747747747747756
0 0.7917647058823528 0.18627450980392166 0.6098039215686274 0.1407843137254903 0.5776470588235295 0.2694117647058824 0.7596078431372549 0.3149019607843138
0 0.8666666666666667 0.34666666666666673 0.8133333333333334 0.34666666666666673 0.8133333333333334 0.4066666666666668 0.8666666666666667 0.4066666666666668
0 0.78 0.3933333333333334 0.7 0.3933333333333334 0.7 0.52 0.78 0.5200000000000001
0 0.2733333333333334 0.44666666666666677 0.2333333333333334 0.4066666666666668 0.1866666666666667 0.4533333333333334 0.22666666666666666 0.4933333333333334
0 0.1333333333333334 0.22 0.05333333333333336 0.22 0.05333333333333337 0.29333333333333333 0.1333333333333334 0.29333333333333333
0 0.16000000000000006 0.4 0.06666666666666671 0.4 0.06666666666666671 0.47333333333333333 0.16000000000000006 0.47333333333333333
0 0.45960784313725506 0.7949019607843139 0.3623529411764707 0.7705882352941177 0.3462745098039217 0.8349019607843138 0.44352941176470606 0.85921568627451
0 0.5603539823008851 0.8613569321533925 0.4926253687315634 0.7839528023598821 0.4529793510324483 0.8186430678466078 0.5207079646017699 0.8960471976401182
0 0.6066666666666669 0.8933333333333333 0.5733333333333335 0.8933333333333333 0.5733333333333335 0.94 0.6066666666666669 0.94
0 0.8533333333333334 0.6666666666666669 0.7733333333333333 0.6666666666666667 0.7733333333333333 0.7666666666666667 0.8533333333333334 0.7666666666666668
0 0.92 0.45333333333333353 0.8133333333333334 0.45333333333333353 0.8133333333333334 0.6533333333333335 0.92 0.6533333333333335
0 0.7035294117647058 0.4741176470588235 0.6909803921568627 0.4239215686274509 0.6454901960784313 0.4352941176470587 0.6580392156862744 0.4854901960784313
0 0.74 0.5266666666666666 0.7066666666666667 0.5266666666666666 0.7066666666666667 0.56 0.74 0.56
0 0.8546666666666668 0.20933333333333332 0.8 0.1 0.7386666666666668 0.13066666666666663 0.7933333333333336 0.23999999999999996