0 0.1933333333333334 0.5666666666666667 0.12666666666666673 0.5666666666666667 0.12666666666666676 0.6466666666666666 0.19333333333333344 0.6466666666666666
0 0.1866666666666667 0.37333333333333335 0.11333333333333338 0.37333333333333335 0.11333333333333338 0.44666666666666666 0.1866666666666667 0.44666666666666666
0 0.5533333333333333 0.32666666666666677 0.4866666666666667 0.32666666666666677 0.4866666666666667 0.38666666666666677 0.5533333333333333 0.38666666666666677
0 0.7066666666666667 0.3400000000000001 0.6066666666666667 0.3400000000000001 0.6066666666666667 0.4266666666666667 0.7066666666666667 0.4266666666666667
0 0.76 0.36666666666666675 0.72 0.36666666666666675 0.72 0.4200000000000001 0.76 0.4200000000000001
0 0.68 0.44666666666666666 0.6 0.44666666666666666 0.6 0.5133333333333333 0.68 0.5133333333333333
0 0.49333333333333335 0.47333333333333333 0.44 0.47333333333333333 0.44 0.5333333333333333 0.49333333333333335 0.5333333333333333
0 0.56 0.4200000000000001 0.5 0.4200000000000001 0.5 0.47333333333333333 0.56 0.47333333333333333
0 0.29333333333333345 0.7266666666666667 0.2000000000000001 0.7266666666666667 0.2000000000000001 0.8066666666666666 0.29333333333333345 0.8066666666666666
0 0.30666666666666675 0.6733333333333333 0.2600000000000001 0.6733333333333333 0.2600000000000001 0.74 0.30666666666666675 0.74
0 0.20666666666666675 0.6533333333333333 0.13333333333333341 0.6533333333333333 0.13333333333333341 0.7133333333333334 0.20666666666666675 0.7133333333333334
0 0.4466666666666669 0.7933333333333333 0.3800000000000001 0.7933333333333333 0.3800000000000001 0.8466666666666667 0.4466666666666669 0.8466666666666667
0 0.525691056910569 0.6178861788617886 0.46959349593495936 0.5730081300813008 0.4435772357723578 0.6055284552845528 0.4996747967479675 0.6504065040650406
0 0.7733333333333333 0.62 0.6933333333333334 0.62 0.6933333333333334 0.7 0.7733333333333333 0.7
0 0.7933333333333333 0.4666666666666668 0.7466666666666667 0.4666666666666667 0.7466666666666667 0.56 0.7933333333333333 0.56
0 0.8466666666666667 0.3933333333333334 0.8066666666666666 0.3933333333333334 0.8066666666666666 0.4600000000000002 0.8466666666666667 0.4600000000000002
0 0.8866666666666667 0.4800000000000002 0.82 0.4800000000000002 0.82 0.5466666666666669 0.8866666666666667 0.5466666666666669
0 0.21333333333333335 0.13333333333333336 0.14 0.13333333333333333 0.14 0.20666666666666667 0.21333333333333335 0.2066666666666667
0 0.3466666666666667 0.1666666666666667 0.26666666666666666 0.1666666666666667 0.26666666666666666 0.24 0.3466666666666667 0.24
0 0.32666666666666666 0.31333333333333335 0.1866666666666667 0.31333333333333335 0.1866666666666667 0.42 0.3266666666666667 0.42
0 0.49333333333333335 0.1866666666666667 0.44666666666666666 0.1866666666666667 0.44666666666666666 0.2800000000000001 0.49333333333333335 0.2800000000000001
0 0.62 0.1533333333333334 0.5466666666666666 0.15333333333333338 0.5466666666666666 0.21333333333333343 0.62 0.21333333333333343
0 0.5866666666666667 0.053333333333333406 0.54 0.053333333333333406 0.54 0.10666666666666672 0.5866666666666667 0.10666666666666674
0 0.6533333333333333 0.10666666666666676 0.6066666666666667 0.10666666666666676 0.6066666666666667 0.15333333333333343 0.6533333333333333 0.15333333333333343
0 0.38666666666666677 0.6666666666666666 0.3333333333333334 0.6666666666666666 0.3333333333333334 0.7133333333333334 0.38666666666666677 0.7133333333333334
0 0.6600000000000001 0.7533333333333333 0.6066666666666667 0.7533333333333333 0.6066666666666668 0.82 0.6600000000000001 0.82
0 0.7533333333333335 0.8 0.7066666666666669 0.8 0.7066666666666669 0.8466666666666667 0.7533333333333335 0.8466666666666667
0 0.7533333333333335 0.9133333333333333 0.6933333333333335 0.9133333333333333 0.6933333333333335 0.96 0.7533333333333335 0.96