0 0.7266666666666667 0.2533333333333334 0.61 0.13666666666666671 0.5433333333333333 0.2033333333333334 0.66 0.3200000000000001
0 0.5866666666666667 0.2800000000000001 0.5066666666666667 0.2800000000000001 0.5066666666666667 0.35333333333333344 0.5866666666666667 0.35333333333333344
0 0.7266666666666667 0.3600000000000001 0.68 0.3600000000000001 0.68 0.4266666666666667 0.7266666666666667 0.4266666666666667
0 0.7933333333333333 0.34666666666666673 0.7466666666666667 0.34666666666666673 0.7466666666666667 0.4066666666666668 0.7933333333333333 0.4066666666666668
0 0.68 0.38666666666666677 0.5666666666666667 0.38666666666666677 0.5666666666666667 0.47333333333333333 0.68 0.47333333333333333
0 0.46 0.41333333333333344 0.4000000000000001 0.41333333333333344 0.4000000000000001 0.46 0.46 0.46
0 0.5066666666666667 0.5 0.4533333333333333 0.5 0.4533333333333333 0.5733333333333334 0.5066666666666667 0.5733333333333334
0 0.34666666666666673 0.5133333333333333 0.28666666666666674 0.5133333333333333 0.28666666666666674 0.56 0.34666666666666673 0.56
0 0.3520000000000001 0.604 0.29400000000000004 0.5846666666666666 0.26733333333333337 0.6646666666666667 0.3253333333333334 0.6840000000000002
0 0.4000000000000001 0.5533333333333333 0.3333333333333334 0.5533333333333333 0.3333333333333334 0.62 0.4000000000000001 0.62
0 0.3594117647058823 0.7390196078431372 0.3188235294117647 0.6713725490196077 0.25803921568627447 0.7078431372549019 0.29862745098039206 0.7754901960784314
0 0.2139837398373984 0.7808130081300814 0.17951219512195132 0.7377235772357723 0.12178861788617894 0.7839024390243903 0.156260162601626 0.8269918699186992
0 0.16080000000000003 0.6744000000000001 0.10959999999999999 0.6061333333333333 0.048799999999999955 0.6517333333333334 0.1 0.7200000000000001
0 0.1800000000000001 0.8466666666666667 0.05333333333333344 0.8466666666666667 0.053333333333333455 0.92 0.1800000000000001 0.92
0 0.5266666666666668 0.8733333333333333 0.38666666666666677 0.8733333333333333 0.38666666666666677 0.9933333333333333 0.5266666666666668 0.9933333333333333
0 0.10666666666666667 0.1 0.013333333333333348 0.1 0.013333333333333352 0.16666666666666666 0.10666666666666667 0.16666666666666666
0 0.16666666666666666 0.14666666666666667 0.12666666666666668 0.14666666666666667 0.12666666666666668 0.19333333333333333 0.16666666666666666 0.19333333333333333
0 0.3146666666666667 0.284 0.26266666666666666 0.12799999999999997 0.19066666666666665 0.15199999999999997 0.24266666666666667 0.308
0 0.17066666666666666 0.4186666666666666 0.14 0.32666666666666666 0.023999999999999987 0.3653333333333333 0.05466666666666664 0.4573333333333333
0 0.37333333333333335 0.026666666666666707 0.20666666666666667 0.026666666666666696 0.20666666666666667 0.14000000000000004 0.37333333333333335 0.14000000000000004
0 0.5133333333333333 0.15333333333333338 0.32 0.15333333333333338 0.32 0.38000000000000006 0.5133333333333333 0.3800000000000001
0 0.6733333333333333 0.033333333333333416 0.6066666666666667 0.03333333333333341 0.6066666666666667 0.12666666666666676 0.6733333333333333 0.12666666666666676
0 0.13647058823529412 0.05921568627450981 0.12431372549019609 0.01058823529411764 0.06313725490196079 0.025882352941176474 0.07529411764705883 0.07450980392156864
0 0.21333333333333343 0.42 0.14666666666666672 0.42 0.14666666666666672 0.4666666666666667 0.21333333333333343 0.4666666666666667