0 0.6 0.3133333333333334 0.56 0.3133333333333334 0.56 0.35333333333333344 0.6 0.35333333333333344
0 0.504 0.2880000000000001 0.4866666666666667 0.25333333333333335 0.43866666666666676 0.2773333333333334 0.456 0.31200000000000006
0 0.18051282051282058 0.5292307692307693 0.1435897435897436 0.5046153846153846 0.11384615384615382 0.5492307692307693 0.1507692307692308 0.573846153846154
0 0.22666666666666677 0.58 0.19333333333333338 0.58 0.1933333333333334 0.6066666666666667 0.22666666666666677 0.6066666666666667
0 0.3933333333333334 0.58 0.3400000000000001 0.58 0.3400000000000001 0.6266666666666667 0.3933333333333334 0.6266666666666667
0 0.36 0.2733333333333333 0.28 0.2733333333333333 0.28 0.32666666666666666 0.36 0.32666666666666666
0 0.3933333333333333 0.08666666666666671 0.32666666666666666 0.08666666666666671 0.32666666666666666 0.1333333333333334 0.3933333333333333 0.1333333333333334
0 0.26 0.1666666666666667 0.18666666666666668 0.16666666666666669 0.1866666666666667 0.24666666666666667 0.26 0.24666666666666667
0 0.2033333333333334 0.41000000000000014 0.16000000000000003 0.36666666666666675 0.11000000000000007 0.41666666666666674 0.15333333333333346 0.4600000000000001
0 0.20000000000000004 0.28 0.14666666666666672 0.28 0.14666666666666672 0.37333333333333335 0.20000000000000004 0.37333333333333335
0 0.05333333333333343 0.78 9.552245033349354e-17 0.78 9.878817513121981e-17 0.8333333333333334 0.05333333333333343 0.8333333333333334
0 0.4200000000000001 0.72 0.3400000000000001 0.72 0.3400000000000001 0.78 0.4200000000000001 0.78
0 0.7066666666666667 0.29333333333333345 0.6466666666666666 0.29333333333333345 0.6466666666666666 0.3733333333333334 0.7066666666666667 0.3733333333333334
0 0.64 0.2400000000000001 0.5866666666666667 0.2400000000000001 0.5866666666666667 0.3000000000000001 0.64 0.3000000000000001
0 0.5533333333333333 0.1866666666666667 0.5 0.1866666666666667 0.5 0.2400000000000001 0.5533333333333333 0.2400000000000001