0 0.46 0.43333333333333335 0.42266666666666663 0.35866666666666663 0.34266666666666673 0.3986666666666666 0.38 0.47333333333333333
0 0.24666666666666667 0.20666666666666672 0.1866666666666667 0.2066666666666667 0.1866666666666667 0.26 0.24666666666666667 0.26
0 0.13025641025641033 0.3646153846153847 0.06707692307692315 0.3567179487179487 0.05579487179487186 0.44697435897435894 0.11897435897435905 0.45487179487179485
0 0.4866666666666667 0.30666666666666675 0.4 0.30666666666666675 0.4 0.3800000000000001 0.4866666666666667 0.3800000000000001
0 0.78 0.3200000000000001 0.7333333333333333 0.2733333333333335 0.68 0.32666666666666677 0.7266666666666668 0.3733333333333334
0 0.9401801801801802 0.4944144144144145 0.9282882882882884 0.4230630630630631 0.8363963963963964 0.4383783783783785 0.8482882882882884 0.5097297297297299
0 0.8933333333333333 0.5466666666666669 0.84 0.5466666666666669 0.84 0.6066666666666669 0.8933333333333333 0.6066666666666669
0 0.6066666666666667 0.5933333333333334 0.5333333333333333 0.5933333333333334 0.5333333333333333 0.6533333333333333 0.6066666666666667 0.6533333333333333
0 0.6 0.5533333333333333 0.56 0.5533333333333333 0.56 0.6 0.6 0.6
0 0.6933333333333334 0.5666666666666667 0.6333333333333333 0.5666666666666667 0.6333333333333333 0.62 0.6933333333333334 0.62
0 0.3226415094339623 0.6874213836477987 0.20993710691823908 0.6552201257861635 0.1923270440251573 0.7168553459119498 0.3050314465408805 0.749056603773585