3 0.33050847457627125 0.5790960451977402 0.28813559322033905 0.5790960451977402 0.28813559322033905 0.672316384180791 0.33050847457627125 0.672316384180791
3 0.8757062146892656 0.31638418079096053 0.8022598870056498 0.31638418079096053 0.8022598870056498 0.38135593220339 0.8757062146892656 0.38135593220339
3 0.9858757062146892 0.344632768361582 0.9491525423728814 0.344632768361582 0.9491525423728814 0.3926553672316386 0.9858757062146892 0.3926553672316386
3 0.831092928112215 0.49581141632573555 0.8121955971166959 0.44856808883693755 0.7688486265341906 0.4659068770699397 0.7877459575297098 0.5131502045587377
3 0.8220338983050848 0.4350282485875706 0.8192090395480226 0.40677966101694907 0.7937573418358786 0.4093248307881635 0.7965822005929407 0.43757341835878505
3 0.29096045197740117 0.7231638418079096 0.2510545287215278 0.7089117263593834 0.2326482092184984 0.7604494209678656 0.27255413247437177 0.7747015364163918
3 0.6955671447196871 0.7151238591916559 0.6513472403302913 0.7030638852672753 0.6376575401999133 0.753259452411995 0.681877444589309 0.7653194263363757
3 0.8959672706019872 0.7681667640755893 0.8759010325345802 0.7180011689070719 0.8349892850185078 0.7343658679135009 0.8550555230859146 0.7845314630820183
3 0.4878607420980303 0.7169033440219882 0.440677966101695 0.709039548022599 0.43464651091769746 0.7452282791265844 0.4818292869140328 0.7530920751259738
3 0.9277609770963733 0.8315047940549031 0.9161802283329815 0.7880769861921841 0.8669503246829359 0.8012049604988629 0.8785310734463275 0.844632768361582
3 0.9453281182094744 0.48539765319426326 0.9220556279878317 0.4554758800521512 0.8923294219904392 0.47859626249456755 0.915601912212082 0.5085180356366795
3 0.4378531073446328 0.5423728813559322 0.403954802259887 0.5423728813559322 0.403954802259887 0.5875706214689266 0.4378531073446328 0.5875706214689266
3 0.38135593220339 0.6892655367231638 0.34745762711864414 0.6892655367231638 0.34745762711864414 0.7259887005649718 0.38135593220339 0.7259887005649718