3 0.13061326658322903 0.22392991239048812 0.12160200250312889 0.1833792240300375 0.06708385481852315 0.1954943679599499 0.07609511889862328 0.2360450563204005
3 0.20000000000000007 0.31063829787234043 0.1460712028649674 0.30524541815883716 0.13970929007794403 0.368864546029071 0.19363808721297668 0.37425742574257426
3 0.44099779897285396 0.7728246515040353 0.43131327953044746 0.6566104181951576 0.3644020542920029 0.6621863536316948 0.37408657373440934 0.7784005869405725
3 0.17021276595744686 0.6212765957446809 0.1276595744680852 0.6212765957446809 0.1276595744680852 0.6638297872340425 0.17021276595744686 0.6638297872340425
3 0.5702127659574469 0.323404255319149 0.5296415039347128 0.3081900320606238 0.5041095890410958 0.3762751384436025 0.5446808510638297 0.3914893617021277
3 0.7276595744680852 0.22553191489361715 0.7040458604343512 0.18505126226435906 0.6458383860654834 0.2190056223128653 0.6694521000992173 0.2594862749421234
3 0.711620294599018 0.40785597381342065 0.6880523731587561 0.3725040916530278 0.6448445171849426 0.4013093289689034 0.6684124386252045 0.4366612111292963
3 0.8212765957446808 0.49361702127659574 0.8176720901126409 0.44675844806007514 0.7506382978723406 0.4519148936170213 0.7542428035043806 0.4987734668335419
3 0.3759699624530663 0.1336670838548185 0.36495619524405504 0.08961201501877347 0.3008760951188987 0.10563204005006256 0.31188986232790994 0.14968710888610762
3 0.2382978723404256 0.18723404255319154 0.216977407326168 0.17775828032463262 0.19995613073042331 0.21605615266505815 0.22127659574468092 0.22553191489361707
3 0.11914893617021283 0.4297872340425532 0.059574468085106434 0.4297872340425532 0.05957446808510644 0.48936170212765956 0.11914893617021283 0.48936170212765956
3 0.05531914893617021 0.4297872340425532 0.05106382978723405 0.3957446808510639 0.02278232405891981 0.39927986906710317 0.027037643207855972 0.43332242225859247
3 0.0681473793461339 0.31715620134924755 0.052828230409963664 0.2839647119875454 -0.006808510638297864 0.31148936170212765 0.00851063829787237 0.3446808510638298
3 0.17872340425531916 0.08085106382978727 0.14978723404255317 0.06638297872340428 0.1174468085106383 0.13106382978723405 0.14638297872340428 0.14553191489361703
3 0.2978723404255319 6.047172219234895e-17 0.2622950819672131 -0.02964771538193232 0.21974189047785136 0.021416114405301723 0.2553191489361702 0.0510638297872341
3 0.41905073649754493 0.050278232405892 0.4120458265139116 -0.005761047463175109 0.3376759410801964 0.003535188216039275 0.34468085106382973 0.059574468085106386
3 0.20000000000000007 0.5702127659574469 0.17021276595744686 0.5702127659574469 0.17021276595744686 0.6085106382978723 0.20000000000000007 0.6085106382978723
3 0.09510987094523897 0.6708894314614581 0.04295779560516224 0.551684687826997 0.0025531914893617987 0.5693617021276596 0.054705266829438534 0.6885664457621207