3 0.456 0.18617021276595752 0.404 0.18617021276595752 0.404 0.25000000000000006 0.456 0.25000000000000006
3 0.368 0.27127659574468094 0.344 0.27127659574468094 0.344 0.3085106382978724 0.368 0.3085106382978724
3 0.4301538461538461 0.36006546644844534 0.396 0.3297872340425533 0.3689230769230769 0.38379705400982006 0.40307692307692305 0.41407528641571206
3 0.3920000000000001 0.6595744680851063 0.33200000000000013 0.6595744680851063 0.33200000000000013 0.7659574468085106 0.3920000000000001 0.7659574468085106
3 0.41600000000000004 0.5957446808510638 0.372 0.5957446808510638 0.37200000000000005 0.6542553191489362 0.4160000000000001 0.6542553191489362
3 0.49384615384615393 0.7090834697217678 0.456 0.6755319148936172 0.4289230769230769 0.729541734860884 0.4667692307692308 0.7630932896890347
3 0.5584 0.43510638297872345 0.5184 0.4085106382978724 0.49760000000000004 0.46382978723404267 0.5376000000000001 0.4904255319148937
3 0.572 0.5372340425531916 0.524 0.5372340425531916 0.524 0.5904255319148938 0.572 0.5904255319148938
3 0.628 0.6117021276595747 0.584 0.6117021276595747 0.584 0.6648936170212767 0.628 0.6648936170212767
3 0.856 0.21276595744680865 0.808 0.21276595744680865 0.808 0.28191489361702143 0.856 0.28191489361702143
3 0.7119999999999999 0.4574468085106383 0.6793170731707316 0.42267773741567205 0.6555121951219512 0.46224701608718216 0.6881951219512195 0.4970160871821484
3 0.936 0.4361702127659576 0.896 0.4361702127659576 0.896 0.4946808510638299 0.936 0.4946808510638299