3 0.34019607843137245 0.3208738350536126 0.3303308823529411 0.29552059324581625 0.31071691176470584 0.31593346026655983 0.32058210784313723 0.3412867020743562
3 0.40844738442822387 0.31865603899575967 0.4021517639902677 0.29034183464106744 0.3863442822384428 0.29974259814223014 0.392639902676399 0.3280568024969224
3 0.36875 0.1976149914821125 0.3458333333333333 0.19761499148211248 0.3458333333333333 0.23168654173764916 0.36875 0.23168654173764916
3 0.29791666666666666 0.18568994889267468 0.28125 0.18568994889267468 0.28125 0.2095400340715503 0.29791666666666666 0.2095400340715503
3 0.24213362068965516 0.13011807554485114 0.2283045977011494 0.12107149151148448 0.22227011494252868 0.14574399342066618 0.23609913793103446 0.15479057745403282
3 0.30566565040650406 0.5161008850292933 0.2955030487804879 0.5028046702954253 0.2884908536585366 0.5171396518053768 0.2986534552845529 0.5304358665392446
3 0.32677696078431373 0.627217156027658 0.3225857843137255 0.5963723820022047 0.30703431372549017 0.6020242509269466 0.3112254901960784 0.6328690249524
3 0.4166666666666667 0.5468483816013628 0.39479166666666665 0.5468483816013628 0.39479166666666665 0.5911413969335605 0.4166666666666667 0.5911413969335605
3 0.325 0.6831345826235093 0.30520833333333336 0.6831345826235093 0.30520833333333336 0.7461669505962522 0.325 0.7461669505962522
3 0.6416666666666667 0.4684838160136288 0.6291666666666667 0.4684838160136288 0.6291666666666667 0.49063032367972764 0.6416666666666667 0.49063032367972764
3 0.6989075203252033 0.34337474550213987 0.6865853658536587 0.327253085137325 0.6763211382113821 0.3482361740142105 0.6886432926829269 0.3643578343790253
3 0.6708333333333333 0.4838160136286203 0.6520833333333333 0.4838160136286203 0.6520833333333333 0.5161839863713801 0.6708333333333333 0.5161839863713801
3 0.7111238532110092 0.47598580873044416 0.6851299694189604 0.46323242111185803 0.6795680428134557 0.49355297500898704 0.7055619266055045 0.5063063626275732
3 0.6806860403397027 0.5931162447509196 0.6570395435244161 0.5720222658666001 0.6461319002123143 0.6047266137870421 0.6697783970276009 0.6258205926713615
3 0.35929442909760595 0.878245974003972 0.34306514732965016 0.8543582407032669 0.33182550644567227 0.8747823467956742 0.34805478821362806 0.8986700800963792
3 0.41293545081967215 0.9005082805038123 0.411791325136612 0.8799257128494429 0.391974043715847 0.8828720641215405 0.3931181693989071 0.9034546317759099
3 0.4476708801498127 0.9318186168481903 0.43793305243445696 0.9218651302566853 0.42845271535580537 0.9466722814539749 0.43819054307116106 0.9566257680454797
3 0.7186274509803922 0.8883655676921536 0.7056372549019607 0.8830544142699671 0.7015931372549019 0.909509970938972 0.7145833333333333 0.9148211243611585