3 0.13679733110925774 0.41435457715973967 0.11748123436196832 0.3286091920829909 0.09012510425354464 0.33953839660572677 0.10944120100083403 0.42528378168247555
3 0.4472727272727272 0.09200968523002429 0.43220185220185214 0.04740930164658978 0.3913778113778113 0.07187407187407185 0.4064486864486864 0.11647445545750636
3 0.5165436543654366 0.09198571188838012 0.5145454545454546 0.06537530266343825 0.49618361836183617 0.06782058351113561 0.49818181818181817 0.09443099273607748
3 0.4254545454545454 0.1840193704600485 0.4009252286175362 0.17040847027809222 0.3942011834319526 0.19189936530223364 0.4187305002689618 0.2055102654841899
3 0.42181818181818187 0.15012106537530268 0.418951048951049 0.13102998696219034 0.40076923076923077 0.13587260197429687 0.4036363636363636 0.15496368038740924
3 0.5018181818181818 0.17675544794188863 0.49855999999999995 0.1528910411622276 0.47855999999999993 0.15773365617433416 0.4818181818181818 0.18159806295399517
3 0.6357330530740934 0.06356981903175701 0.604308985811876 0.05713166034514139 0.5993063583815029 0.1004352755112039 0.6307304256437204 0.10687343419781951
3 0.36852664576802513 0.40853302162478083 0.3569905956112853 0.37012607497703937 0.3347335423197492 0.38198213242047263 0.34626959247648903 0.4203890790682141
3 0.1654545454545455 0.414043583535109 0.154079822616408 0.4123604795369988 0.1522616407982262 0.4341522470914782 0.1636363636363637 0.43583535108958843
3 0.22837346437346442 0.4141221124271972 0.20908108108108112 0.4062168706236503 0.20070761670761675 0.4424579543223611 0.22000000000000006 0.45036319612590797
3 0.1089090909090909 0.47384987893462466 0.10181818181818182 0.44552058111380144 0.08163636363636363 0.4544794188861986 0.08872727272727272 0.4828087167070218
3 0.10909090909090914 0.5665859564164649 0.09090909090909097 0.5665859564164649 0.09090909090909097 0.6150121065375302 0.10909090909090914 0.6150121065375302
3 0.35454545454545455 0.27118644067796616 0.3181818181818182 0.27118644067796616 0.3181818181818182 0.2978208232445521 0.35454545454545455 0.2978208232445521
3 0.18269592476489033 0.30942640060115223 0.17620689655172414 0.2892627536110879 0.15974921630094044 0.2986557568673291 0.1662382445141066 0.3188194038573934
3 0.4966144200626959 0.39066544209735315 0.4880877742946708 0.36227769892293554 0.46677115987460815 0.3736327961927026 0.4752978056426332 0.4020205393671203
3 0.45550802139037433 0.46275459336276886 0.4509090909090909 0.4382566585956417 0.4299465240641711 0.445235721407207 0.43454545454545457 0.46973365617433416
3 0.5272727272727272 0.43341404358353514 0.5245891226677253 0.4066104866933821 0.4963636363636363 0.4116222760290557 0.4990472409686383 0.43842583291920867
3 0.42832239925023424 0.7222735328623848 0.4193252108716026 0.6953146451661218 0.3960449859418931 0.7090936322108784 0.4050421743205248 0.7360525199071416