3 0.4693264693264694 0.427069927069927 0.4594594594594595 0.3678678678678679 0.4195624195624195 0.37451737451737455 0.42942942942942935 0.4337194337194338
3 0.5793650793650794 0.5476190476190477 0.5079365079365079 0.5476190476190477 0.5079365079365079 0.5952380952380952 0.5793650793650794 0.5952380952380952
3 0.7045177045177046 0.3083028083028085 0.6568986568986569 0.27655677655677674 0.6117216117216118 0.34432234432234454 0.6593406593406593 0.3760683760683763
3 0.4603174603174603 0.039682539682539736 0.38095238095238093 0.03968253968253973 0.38095238095238093 0.15079365079365084 0.4603174603174603 0.15079365079365084
3 0.7380952380952381 0.7063492063492064 0.6825396825396826 0.7063492063492064 0.6825396825396826 0.7936507936507936 0.7380952380952381 0.7936507936507936
3 0.6190476190476191 0.7380952380952381 0.5873015873015873 0.7380952380952381 0.5873015873015873 0.8174603174603174 0.6190476190476191 0.8174603174603174
3 0.6031746031746031 0.6825396825396826 0.5634920634920635 0.6825396825396826 0.5634920634920635 0.7142857142857143 0.6031746031746031 0.7142857142857143
3 0.6666666666666666 0.8095238095238095 0.6349206349206349 0.8095238095238095 0.6349206349206349 0.8571428571428571 0.6666666666666666 0.8571428571428571
3 0.7698412698412699 0.626984126984127 0.7222222222222222 0.626984126984127 0.7222222222222222 0.6746031746031746 0.7698412698412699 0.6746031746031746
3 0.746031746031746 0.42857142857142866 0.7063492063492064 0.42857142857142866 0.7063492063492064 0.4920634920634922 0.746031746031746 0.4920634920634922
3 0.5873015873015873 0.26190476190476203 0.5317460317460317 0.26190476190476203 0.5317460317460317 0.3333333333333334 0.5873015873015873 0.3333333333333334