3 0.1759128839438954 0.44618571344025565 0.16284547552820028 0.39064922767355154 0.1150559270876487 0.4018938273066225 0.12812333550334382 0.45743031307332666
3 0.09495973340738685 0.6869341849486255 0.07596500971952236 0.6172868647597889 0.029686198278256044 0.6299083587892252 0.04868092196612053 0.6995556789780618
3 0.4579355351482826 0.7071479186815924 0.4472584243840313 0.6494915205546351 0.3579297896178265 0.6660338603261545 0.3686069003820778 0.7236902584531117
3 0.7003610108303249 0.6570397111913358 0.6101083032490975 0.6570397111913358 0.6101083032490975 0.7346570397111913 0.7003610108303249 0.7346570397111913
3 0.8881665122520047 0.702773074342673 0.7821395482572442 0.6957046100763555 0.7755183540461966 0.7950225232420689 0.8815453180409573 0.8020909875083864
3 0.5079808806993237 0.8760674536725978 0.3985427277379556 0.8232352418981443 0.3657906554940139 0.8910788201177378 0.47522880845538196 0.9439110318921914
3 0.7333062297020825 0.2998309401065388 0.6977559624014611 0.22663921331114179 0.5939355426369527 0.2770662743396173 0.6294858099375741 0.3502580011350143
3 0.48736462093862815 0.1425992779783394 0.43501805054151627 0.1425992779783394 0.43501805054151627 0.18411552346570403 0.48736462093862815 0.18411552346570403
3 0.2278547718847673 0.21784823007777482 0.1748237346449253 0.2084898117413321 0.16482930729532627 0.26512490005572653 0.21786034453516828 0.2744833183921692
3 0.5964852530481575 0.08047816906205305 0.5351270349431236 0.06897350316735922 0.5264627750153258 0.11518288944894765 0.5878209931203596 0.1266875553436415
3 0.9981949458483754 0.18953068592057773 0.9584837545126353 0.18953068592057773 0.9584837545126353 0.24909747292418782 0.9981949458483754 0.24909747292418782
3 0.8843588757583236 0.10568606406363902 0.8114392795853828 0.07696016254096531 0.8000794912559618 0.10579654830026465 0.8729990874289026 0.13452244982293834
3 0.6028880866425993 6.852716746131398e-17 0.5090252707581228 6.277972760971991e-17 0.5090252707581228 0.03429602888086649 0.6028880866425993 0.0342960288808665