3 0.39352720450281425 0.14899825783972132 0.3648217636022513 0.1445557491289199 0.3610381488430268 0.1919860627177701 0.38974358974358975 0.19642857142857154
3 0.3887179487179487 0.13142857142857148 0.381025641025641 0.09928571428571432 0.3641025641025641 0.10714285714285719 0.3717948717948718 0.13928571428571435
3 0.4615384615384616 0.4750000000000001 0.4333333333333334 0.47142857142857153 0.4310214375788147 0.5068501170960188 0.4592265657839429 0.5104215456674475
3 0.40512820512820513 0.5964285714285714 0.38461538461538464 0.5964285714285714 0.38461538461538464 0.6428571428571429 0.40512820512820513 0.6428571428571429
3 0.4307692307692308 0.6607142857142857 0.4 0.6607142857142857 0.4 0.7035714285714286 0.4307692307692308 0.7035714285714286
3 0.45384615384615384 0.6107142857142858 0.41794871794871796 0.6107142857142858 0.41794871794871796 0.6464285714285715 0.45384615384615384 0.6464285714285715
3 0.5107692307692308 0.6164285714285714 0.5043589743589744 0.5896428571428571 0.47282051282051274 0.6042857142857142 0.4792307692307692 0.6310714285714285
3 0.5435897435897435 0.75 0.5191361211495439 0.7013422818791948 0.48144897607984855 0.7380872483221477 0.5059025985200482 0.7867449664429531
3 0.5168929110105582 0.8191176470588237 0.47022624434389154 0.8141176470588237 0.467948717948718 0.855357142857143 0.5146153846153847 0.860357142857143
3 0.4692307692307694 0.9464285714285714 0.4179487179487181 0.9464285714285714 0.4179487179487181 0.9964285714285714 0.4692307692307694 0.9964285714285714
3 0.5230769230769231 0.3892857142857144 0.4880978620233634 0.36174785100286544 0.4547645286900301 0.4438907081457225 0.4897435897435897 0.4714285714285714