3 0.3674358974358975 0.8094871794871795 0.3020512820512821 0.7964102564102563 0.28666666666666674 0.8733333333333335 0.35205128205128217 0.8864102564102565
3 0.44666666666666666 0.66 0.38666666666666677 0.66 0.38666666666666677 0.7466666666666667 0.44666666666666666 0.7466666666666667
3 0.4200000000000001 0.6 0.3733333333333334 0.6 0.3733333333333334 0.6333333333333333 0.4200000000000001 0.6333333333333333
3 0.43045045045045055 0.303963963963964 0.35909909909909915 0.2920720720720721 0.34162162162162163 0.396936936936937 0.41297297297297303 0.4088288288288289
3 0.37333333333333335 0.36666666666666664 0.32 0.36666666666666664 0.32000000000000006 0.42 0.3733333333333334 0.42
3 0.44 0.16000000000000006 0.38 0.16000000000000006 0.38 0.2266666666666667 0.44 0.22666666666666677
3 0.6013333333333335 0.2826666666666666 0.5813333333333334 0.24266666666666661 0.5173333333333333 0.27466666666666667 0.5373333333333333 0.3146666666666667
3 0.49333333333333335 0.24666666666666676 0.43333333333333335 0.24666666666666676 0.43333333333333335 0.28666666666666674 0.49333333333333335 0.28666666666666674
3 0.41333333333333344 0.44666666666666666 0.3600000000000001 0.44666666666666666 0.3600000000000001 0.5066666666666667 0.41333333333333344 0.5066666666666667
3 0.5733333333333334 0.52 0.5266666666666667 0.47333333333333344 0.4800000000000001 0.5200000000000001 0.5266666666666666 0.5666666666666667
3 0.58 0.3933333333333334 0.54 0.3933333333333334 0.54 0.4866666666666667 0.58 0.4866666666666667
3 0.5933333333333334 0.6733333333333333 0.4533333333333333 0.6733333333333333 0.4533333333333333 0.72 0.5933333333333334 0.72
3 0.6666666666666666 0.4266666666666667 0.6133333333333333 0.4266666666666667 0.6133333333333333 0.56 0.6666666666666666 0.56