3 0.5823529411764706 0.15882352941176478 0.48823529411764705 0.15882352941176475 0.48823529411764705 0.2352941176470589 0.5823529411764706 0.2352941176470589
3 0.47058823529411764 0.2176470588235295 0.38823529411764707 0.2176470588235295 0.38823529411764707 0.28823529411764715 0.47058823529411764 0.28823529411764715
3 0.5588235294117647 0.2764705882352942 0.48823529411764705 0.2764705882352942 0.48823529411764705 0.3764705882352941 0.5588235294117647 0.3764705882352941
3 0.27058823529411774 0.34705882352941175 0.18235294117647063 0.34705882352941175 0.18235294117647063 0.45294117647058824 0.27058823529411774 0.45294117647058824
3 0.34705882352941186 0.5705882352941176 0.2823529411764707 0.5705882352941176 0.2823529411764707 0.6411764705882353 0.34705882352941186 0.6411764705882353
3 0.48823529411764705 0.6058823529411764 0.3529411764705883 0.6058823529411764 0.3529411764705883 0.6941176470588235 0.48823529411764716 0.6941176470588235
3 0.7099764705882353 0.6039529411764706 0.5878117647058824 0.5817411764705882 0.5739764705882353 0.6578352941176471 0.6961411764705882 0.6800470588235294
3 0.6764705882352942 0.8235294117647061 0.5970588235294116 0.7441176470588237 0.5441176470588235 0.7970588235294118 0.623529411764706 0.8764705882352944
3 0.473529411764706 0.8441176470588238 0.4599547511312218 0.7762443438914028 0.38303167420814477 0.7916289592760182 0.39660633484162905 0.8595022624434391
3 0.2882352941176471 0.8000000000000002 0.2294117647058824 0.7411764705882354 0.13529411764705895 0.8352941176470589 0.19411764705882364 0.8941176470588236
3 0.16235294117647053 0.6752941176470588 0.12294117647058822 0.5570588235294118 0.07176470588235295 0.5741176470588235 0.11117647058823527 0.6923529411764705
3 0.8941176470588236 0.4176470588235296 0.8470588235294118 0.4176470588235296 0.8470588235294118 0.4764705882352943 0.8941176470588236 0.4764705882352943
3 0.9941176470588236 0.4000000000000002 0.9176470588235294 0.4000000000000002 0.9176470588235294 0.4529411764705884 0.9941176470588236 0.4529411764705884
3 0.9941176470588236 0.5058823529411767 0.9294117647058824 0.5058823529411767 0.9294117647058824 0.5764705882352943 0.9941176470588236 0.5764705882352943
3 0.8520361990950227 0.8248868778280545 0.8391402714932129 0.7604072398190047 0.788235294117647 0.7705882352941178 0.801131221719457 0.8350678733031676
3 0.9117647058823529 0.8705882352941177 0.8411764705882353 0.8705882352941177 0.8411764705882353 0.9352941176470588 0.9117647058823529 0.9352941176470588
3 0.9529411764705882 0.8235294117647058 0.9058823529411765 0.8235294117647058 0.9058823529411765 0.8705882352941177 0.9529411764705882 0.8705882352941177