3 0.4550836550836551 0.2733590733590734 0.433976833976834 0.1467181467181467 0.3189189189189189 0.1658944658944659 0.34002574002574004 0.29253539253539257
3 0.5838095238095239 0.12761904761904774 0.5051428571428572 0.11638095238095247 0.4912380952380953 0.2137142857142858 0.569904761904762 0.22495238095238107
3 0.7291208791208791 0.08846153846153848 0.7194139194139194 0.03992673992673994 0.6617216117216118 0.05146520146520146 0.6714285714285716 0.1
3 0.6619047619047619 0.42380952380952386 0.5532753202803965 0.41605027797921207 0.547256466038192 0.500314237370075 0.6558859076625575 0.5080734832003868
3 0.47746460746460756 0.4728828828828829 0.3975032175032175 0.46025740025740025 0.37970398970398966 0.5729858429858431 0.4596653796653797 0.5856113256113257
3 0.4142857142857143 0.3142857142857143 0.319047619047619 0.3142857142857143 0.319047619047619 0.43333333333333335 0.4142857142857143 0.43333333333333335
3 0.39523809523809533 0.5190476190476191 0.31904761904761914 0.5190476190476191 0.3190476190476192 0.6095238095238096 0.3952380952380954 0.6095238095238096
3 0.5424369747899159 0.6673669467787116 0.50530058177117 0.5889678948502478 0.39619694031458735 0.6406485671191553 0.43333333333333335 0.719047619047619
3 0.30952380952380965 0.7523809523809524 0.23809523809523817 0.7523809523809524 0.23809523809523817 0.8238095238095238 0.30952380952380965 0.8238095238095238
3 0.40917637441242616 0.8261598201512367 0.3536480686695281 0.7919885550786842 0.3091763744124261 0.8642550582464746 0.3647046801553242 0.8984263233190274
3 0.6833333333333333 0.4214285714285715 0.6762685402029665 0.3437158469945355 0.5843871975019516 0.35206869633099136 0.5914519906323185 0.42978142076502734