3 0.6183206106870229 0.3053435114503818 0.549618320610687 0.3053435114503818 0.549618320610687 0.3740458015267177 0.6183206106870229 0.3740458015267177
3 0.4122137404580154 0.5343511450381679 0.3664122137404581 0.5343511450381679 0.3664122137404581 0.5725190839694656 0.4122137404580154 0.5725190839694656
3 0.5458015267175573 0.568702290076336 0.49236641221374056 0.5152671755725192 0.46183206106870234 0.5458015267175574 0.5152671755725191 0.5992366412213742
3 0.8091603053435115 0.33587786259541996 0.7709923664122137 0.33587786259541996 0.7709923664122137 0.3740458015267177 0.8091603053435115 0.3740458015267177
3 0.6793893129770993 0.4809160305343513 0.648854961832061 0.4809160305343513 0.648854961832061 0.5190839694656488 0.6793893129770993 0.5190839694656488
3 0.6717557251908397 0.5954198473282443 0.6335877862595419 0.5954198473282443 0.6335877862595419 0.6259541984732825 0.6717557251908397 0.6259541984732825
3 0.8625954198473282 0.45038167938931306 0.8396946564885496 0.45038167938931306 0.8396946564885496 0.4809160305343513 0.8625954198473282 0.4809160305343513
3 0.9465648854961832 0.4885496183206109 0.8931297709923665 0.4885496183206109 0.8931297709923665 0.5496183206106873 0.9465648854961832 0.5496183206106873
3 0.9847328244274809 0.7099236641221376 0.9236641221374046 0.7099236641221376 0.9236641221374046 0.7480916030534354 0.9847328244274809 0.7480916030534354
3 0.7557251908396947 0.6259541984732825 0.7175572519083969 0.6259541984732825 0.7175572519083969 0.6641221374045801 0.7557251908396947 0.6641221374045801
3 0.9618320610687023 0.435114503816794 0.9312977099236641 0.435114503816794 0.9312977099236641 0.4885496183206109 0.9618320610687023 0.4885496183206109
3 0.9923664122137404 0.38167938931297724 0.9618320610687023 0.38167938931297724 0.9618320610687023 0.42748091603053445 0.9923664122137404 0.42748091603053445