3 0.0498338870431894 0.3088235294117647 0.011627906976744215 0.3088235294117647 0.011627906976744219 0.39950980392156865 0.049833887043189404 0.39950980392156865
3 0.08936877076411961 0.6504901960784315 0.08010696053804392 0.5867168818747011 0.03835993841665992 0.5999163079866092 0.0476217486427356 0.6636896221903396
3 0.3538792261090483 0.7369088811995386 0.34582763337893296 0.683448673587082 0.3095954660934141 0.6953287197231833 0.3176470588235294 0.74878892733564
3 0.4263044752784835 0.5780853517877739 0.41962087160445577 0.5337081891580161 0.3788157123314441 0.5470876585928489 0.3854993160054719 0.5914648212226066
3 0.53156146179402 0.49754901960784326 0.4900332225913621 0.49754901960784326 0.4900332225913621 0.5710784313725492 0.53156146179402 0.5710784313725492
3 0.6202327872608544 0.5973096686950644 0.592375300721732 0.3952177146720758 0.5588502692175507 0.4052785665990535 0.5867077557566731 0.607370520622042
3 0.9028532343169827 0.4222318339100348 0.8249853429743992 0.4133938869665515 0.8210670314637484 0.48855247981545585 0.898934922806332 0.49739042675893913
3 0.7342192691029901 0.4411764705882353 0.731952315810045 0.3976931949250288 0.710357631424663 0.40014417531718566 0.7126245847176079 0.44362745098039214
3 0.8056478405315615 0.5661764705882354 0.7790697674418605 0.5661764705882354 0.7790697674418605 0.6176470588235295 0.8056478405315615 0.6176470588235295
3 0.7325581395348836 0.7450980392156864 0.7262897260703315 0.7127266000739919 0.6975490503353601 0.7248427672955975 0.7038174637999123 0.757214206437292
3 0.792873826691233 0.739767959585581 0.7892469062368525 0.6996318177926191 0.760521696238158 0.7052829865570681 0.7641486166925386 0.74541912835003
3 0.22757475083056478 0.25980392156862747 0.17109634551495018 0.25980392156862747 0.17109634551495018 0.30637254901960786 0.22757475083056478 0.3063725490196079
3 0.3251319132304084 0.2100922722029989 0.2876685557944108 0.19780853517877742 0.2815321477428181 0.23855247981545563 0.3189955051788157 0.2508362168396771
3 0.3687707641196013 0.31862745098039214 0.3272425249169435 0.31862745098039214 0.3272425249169435 0.37254901960784315 0.3687707641196013 0.37254901960784315
3 0.23127048540658657 0.5303740623766285 0.19592410087181436 0.5211705487564153 0.19209458404869678 0.5531895644163707 0.22744096858346902 0.5623930780365839
3 0.2729235880398671 0.5022058823529412 0.2666112956810631 0.47426470588235287 0.24069767441860465 0.4870098039215686 0.2470099667774086 0.5149509803921568
3 0.9219269102990033 0.6421568627450983 0.8604651162790697 0.6421568627450983 0.8604651162790697 0.7254901960784317 0.9219269102990033 0.7254901960784317
3 0.987375415282392 0.6906862745098039 0.9664451827242524 0.6803921568627451 0.9554817275747507 0.728921568627451 0.9764119601328903 0.7392156862745098
3 0.6745358608559704 0.5002018454440601 0.6493844049247607 0.49734717416378327 0.6472737932382256 0.5378316032295273 0.6724252491694354 0.5406862745098041
3 0.574750830564784 0.7769607843137255 0.5365448504983389 0.7769607843137255 0.5365448504983389 0.803921568627451 0.574750830564784 0.803921568627451
3 0.15244906359333202 0.812218028804442 0.1168376797106989 0.8087150789519347 0.11544850498338875 0.8394607843137255 0.15105988886602187 0.8429637341662329
3 0.07212008238000044 0.7366804187738444 0.0315614617940201 0.7083333333333334 0.02117752288750939 0.7406785112234939 0.06173614347348973 0.7690255966640049