3 0.23333333333333334 0.32191780821917815 0.21333333333333335 0.2931506849315069 0.19428571428571428 0.3205479452054795 0.21428571428571427 0.34931506849315075
3 0.18681763854815378 0.6682072347586907 0.15737812165817452 0.5458786485948499 0.10988236774234132 0.5695264291272326 0.13932188463232056 0.6918550152910733
3 0.8197970335675256 0.17444419492476976 0.7802966432474631 0.10626543902986732 0.7422638563622171 0.1518526835841005 0.7817642466822796 0.22003143947900294
3 0.9022792937399678 0.04743727874403585 0.8402354200107008 0.026843158380791283 0.8299304440877473 0.09107280283207646 0.8919743178170143 0.11166692319532104
3 0.5154061624649859 0.2174053182917002 0.506218487394958 0.1645447219983884 0.4152380952380952 0.1972602739726028 0.42442577030812323 0.2501208702659146
3 0.5955394049511696 0.2773351917590435 0.5928624422742069 0.22920486965611866 0.5175350140056022 0.23787268331990333 0.5202119766825649 0.28600300542282814
3 0.6680591133004925 0.30896551724137933 0.665799671592775 0.2699669343410487 0.6237110016420361 0.2750118091639112 0.6259704433497536 0.31401039206424186
3 0.5926446886446886 0.34491043203371985 0.546930402930403 0.33669125395152805 0.5413626373626373 0.4007586933614331 0.5870769230769229 0.40897787144362496
3 0.6826666666666665 0.4005479452054794 0.6725714285714284 0.35698630136986303 0.6194285714285714 0.3824657534246576 0.6295238095238095 0.426027397260274
3 0.6516190476190478 0.49671232876712335 0.6490084033613447 0.44789685737308627 0.5949691876750701 0.45387590652699444 0.5975798319327732 0.5026913779210315
3 0.5180952380952382 0.5698630136986301 0.5163946980854197 0.5160514051687615 0.4744899361806579 0.5187911311961587 0.47619047619047616 0.5726027397260274
3 0.8224504504504504 0.5287152906330989 0.8122882882882883 0.4361421695668271 0.7718918918918919 0.4453165494261384 0.782054054054054 0.5378896704924101
3 0.7804878048780488 0.436151019044437 0.7642648083623693 0.32725693284330104 0.7327851335656214 0.3369595723354494 0.7490081300813008 0.4458536585365854
3 0.7056761904761905 0.25654794520547947 0.6991238095238095 0.20471232876712328 0.6686171428571428 0.21269041095890412 0.6751695238095237 0.26452602739726033
3 0.4419047619047619 0.32328767123287677 0.42981684981684976 0.3198103266596418 0.426007326007326 0.34720758693361436 0.4380952380952381 0.3506849315068493
3 0.39292786421499304 0.6140512681405128 0.3591702027345593 0.6091957140919573 0.35445544554455455 0.6770107147701072 0.38821310702498835 0.6818662688186627
3 0.21818709209572157 0.58719143314095 0.18204496011602614 0.58347820040331 0.1802272177906696 0.6200820527084349 0.21636934977036504 0.6237952854460748
3 0.3288262056414923 0.8390280080272229 0.30356081286017594 0.8283395864235235 0.2840582347588717 0.9237152080970247 0.30932362754018816 0.9344036297007241
3 0.37861252115059224 0.8772547110771155 0.34504230118443324 0.8738057158751129 0.34281846748851835 0.9185870245462763 0.37638868745467735 0.922036019748279
3 0.619384372533544 0.9379701808824644 0.6170007892659828 0.87282978884432 0.5772112601946857 0.8758419738136684 0.5795948434622469 0.9409823658518127
3 0.7357528957528957 0.9222510181414291 0.7310682110682111 0.8818215475749722 0.6992535392535393 0.8894483524620511 0.7039382239382239 0.929877823028508
3 0.7907866350960274 0.8988950276243095 0.788034727703236 0.8236887913418603 0.7482451986319391 0.8267009763112088 0.7509971060247305 0.9019072125936578
3 0.6971428571428572 0.8082191780821918 0.6514285714285715 0.8082191780821918 0.6514285714285715 0.8547945205479452 0.6971428571428572 0.8547945205479452
3 0.68 0.6438356164383563 0.6342857142857142 0.6438356164383563 0.6342857142857142 0.7013698630136986 0.68 0.7013698630136986
3 0.6243137254901961 0.5943593875906529 0.596078431372549 0.5842062852538278 0.586890756302521 0.6370668815471396 0.6151260504201682 0.6472199838839647
3 0.7919060665362035 0.5804616250703698 0.7464944553163733 0.5735860386564084 0.7397521200260928 0.6657158941640083 0.785163731245923 0.6725914805779697
3 0.5542857142857143 0.6082191780821918 0.5528210180623974 0.5724043457723192 0.5135172413793104 0.5757298063297118 0.5149819376026273 0.6115446386395843
3 0.6590104529616725 0.7715736719011026 0.6473031358885019 0.7350885399264951 0.6140859465737514 0.7571399933177414 0.6257932636469221 0.7936251252923489
3 0.48571428571428565 0.378082191780822 0.4781230448383732 0.3546845315468453 0.444754953076121 0.3770822917708228 0.4523461939520334 0.4004799520047996
3 0.09060755336617408 0.37718469532357113 0.059573070607553374 0.3580538497874351 0.045779967159277506 0.40434577231931984 0.07681444991789821 0.4234766178554559
3 0.15243600330305537 0.3789373663789691 0.11650977153867331 0.37098740992952733 0.11234792182769064 0.4098978541452213 0.1482741535920727 0.4178478105946631
3 0.09384252710985384 0.5717075817170758 0.08873173031588874 0.49819612098196114 0.05610561056105611 0.5028889190288891 0.06121640735502122 0.5764003797640038