3 0.4930817610062894 0.4729559748427674 0.46289308176100635 0.43270440251572334 0.42867924528301893 0.4583647798742139 0.45886792452830205 0.49861635220125794
3 0.6666666666666666 0.04402515723270448 0.610062893081761 0.04402515723270448 0.610062893081761 0.10691823899371078 0.6666666666666666 0.10691823899371078
3 0.7704402515723271 0.11635220125786178 0.7138364779874213 0.059748427672956066 0.6761006289308176 0.09748427672955984 0.7327044025157232 0.15408805031446554
3 0.6981132075471698 0.15094339622641517 0.6163522012578616 0.15094339622641517 0.6163522012578616 0.3773584905660378 0.6981132075471698 0.3773584905660378
3 0.8238993710691824 0.2641509433962265 0.7547169811320755 0.2641509433962265 0.7547169811320755 0.3333333333333334 0.8238993710691824 0.3333333333333334
3 0.5534591194968556 0.7547169811320755 0.4905660377358492 0.7547169811320755 0.4905660377358492 0.8427672955974843 0.5534591194968556 0.8427672955974843
3 0.7295597484276729 0.3899371069182391 0.6981132075471698 0.3899371069182391 0.6981132075471698 0.44654088050314467 0.7295597484276729 0.44654088050314467
3 0.8238993710691824 0.36477987421383656 0.7861635220125787 0.36477987421383656 0.7861635220125787 0.44654088050314483 0.8238993710691824 0.44654088050314483
3 0.8490566037735849 0.025157232704402618 0.7861635220125787 0.025157232704402618 0.7861635220125787 0.1320754716981133 0.8490566037735849 0.1320754716981133
3 0.8867924528301887 0.15094339622641517 0.8301886792452831 0.15094339622641517 0.8301886792452831 0.25157232704402527 0.8867924528301887 0.25157232704402527
3 0.7547169811320755 0.6918238993710693 0.7232704402515723 0.6918238993710691 0.7232704402515723 0.7232704402515724 0.7547169811320755 0.7232704402515725