3 0.13176697779208243 0.22619890569681364 0.07100096556163504 0.2186031541680077 0.060637270679111704 0.3015127132281944 0.12140328290955911 0.3091084647570003
3 0.26635983263598323 0.21916317991631803 0.18728033472803346 0.2078661087866109 0.1712970711297071 0.31974895397489533 0.25037656903765687 0.33104602510460246
3 0.37748501639715026 0.29126993101888504 0.30163971502883635 0.27929435711862494 0.2828451882845189 0.398326359832636 0.3586904896528328 0.4103019337328961
3 0.6862774249729201 0.2205679332243061 0.6443514644351465 0.21757322175732224 0.6400824076630631 0.27734001656648904 0.6820083682008368 0.2803347280334729
3 0.9139748953974898 0.3009205020920504 0.7968200836820086 0.2841841004184102 0.7875313807531382 0.34920502092050226 0.9046861924686194 0.3659414225941425
3 0.899581589958159 0.37656903765690386 0.7907949790794979 0.37656903765690386 0.7907949790794979 0.44351464435146454 0.899581589958159 0.44351464435146454
3 0.3723849372384937 0.4435146443514644 0.301255230125523 0.4435146443514644 0.3012552301255231 0.5397489539748954 0.3723849372384938 0.5397489539748954
3 0.614273308597142 0.5202494671192863 0.5838004263045709 0.413594379095287 0.5119602115733796 0.4341201547327702 0.5424330938659507 0.5407752427567696
3 0.7656903765690378 0.5564853556485356 0.7367235275185067 0.4116511103958803 0.6643064048921791 0.4261345349211459 0.6932732539427102 0.5709687801738011
3 0.8242677824267783 0.5020920502092052 0.7883071355874705 0.4960986090693206 0.7757548343322404 0.5714124166007013 0.8117154811715482 0.5774058577405861
3 0.6724859327658348 0.5384504400519406 0.6028278747655462 0.5343529072283942 0.5977780983984996 0.6201991054681864 0.6674361563987882 0.6242966382917328
3 0.7119258954700461 0.6570005078965827 0.6458993397344427 0.6468425762449513 0.6356930369797085 0.7131835441507243 0.7017195927153119 0.7233414758023556
3 0.5116232438140815 0.40188752389482274 0.4549975269694013 0.3405429973130858 0.3747109227746067 0.4146537088775116 0.431336639619287 0.4759982354592486
3 0.5442562400807964 0.25821382195931336 0.48033472803347294 0.24100418410041852 0.4476121771750109 0.36254508728899165 0.5115336892223346 0.37975472514788644
3 0.33054393305439345 0.6108786610878661 0.2719665271966528 0.6108786610878661 0.2719665271966528 0.6861924686192469 0.33054393305439345 0.6861924686192469
3 0.0502092050209206 0.7489539748953975 9.530724043573544e-17 0.7489539748953975 1.0017508336121655e-16 0.8284518828451883 0.050209205020920605 0.8284518828451883
3 0.3179916317991632 0.9539748953974896 0.21129707112970722 0.8472803347280335 0.15690376569037662 0.9016736401673643 0.2635983263598326 1.0083682008368202
3 0.502092050209205 0.899581589958159 0.495792215994316 0.7546854030157102 0.4302439409489225 0.7575353280176839 0.43654377516381154 0.9024315149601326
3 0.6324048379819904 0.8985927331384461 0.6261379578870602 0.7356538506702596 0.5600946830404875 0.738193976625897 0.5663615631354177 0.9011328590940836
3 0.054393305439330665 0.9456066945606695 1.1887784828543344e-16 0.9456066945606695 1.2195227539626364e-16 0.99581589958159 0.054393305439330665 0.99581589958159