3 0.5983333333333334 0.26984126984126994 0.5516268486916951 0.25937483070588885 0.5477019340159271 0.3229210683135599 0.5944084186575654 0.333387507448941
3 0.40097292724196276 0.22277012327773751 0.39810490693739425 0.14628958182257676 0.3392385786802031 0.1542986060752558 0.3421065989847716 0.2307791475304166
3 0.5903227360308285 0.46351958895311524 0.5557129094412331 0.41517570419304545 0.5271001926782274 0.4894944490320214 0.5617100192678228 0.5378383337920912
3 0.6737372013651877 0.21764992686494397 0.6689476678043231 0.14010509778427865 0.6092832764505118 0.15347526951622514 0.6140728100113765 0.2310200985968904
3 0.5526988155668359 0.02009507694786892 0.40511844331641284 0.000016114736927021574 0.40063451776649744 0.11958746273467095 0.5482148900169205 0.13966642494561285
3 0.8117647058823528 0.2547152194211017 0.801470588235294 0.17628384687208218 0.7465686274509804 0.20242763772175537 0.7568627450980392 0.2808590102707749
3 0.8130081300813007 0.40240030971738305 0.7884552845528454 0.34394115369725137 0.7158943089430894 0.45451025938830814 0.7404471544715446 0.5129694154084399
3 0.6966666666666667 0.6317460317460319 0.6366666666666667 0.6317460317460319 0.6366666666666667 0.8031746031746033 0.6966666666666667 0.8031746031746033
3 0.7809904248952723 0.6607050240802486 0.7476750448833034 0.6139465959932748 0.7100987432675046 0.7110826137756121 0.7434141232794733 0.7578410418625859
3 0.9375 0.9285714285714287 0.9066666666666666 0.8698412698412702 0.845 0.9873015873015877 0.8758333333333334 1.046031746031746
3 0.30666666666666664 0.015873015873015935 0.12833333333333333 0.015873015873015914 0.12833333333333333 0.18412698412698417 0.30666666666666664 0.1841269841269842
3 0.21012820512820515 0.4432234432234433 0.1498717948717949 0.4202686202686203 0.1383333333333334 0.5301587301587302 0.1985897435897436 0.5531135531135531
3 0.11654901960784315 0.5132773109243699 0.10615686274509803 0.42420168067226893 0.06662745098039217 0.4409337068160597 0.07701960784313727 0.5300093370681607
3 0.12833333333333333 0.2 0.03500000000000001 0.2 0.03500000000000002 0.3619047619047619 0.12833333333333333 0.3619047619047619
3 0.8637735849056604 0.31087151841868826 0.8530817610062892 0.23959269242288117 0.8110377358490566 0.26247379454926634 0.8217295597484277 0.33375262054507343
3 0.9983333333333333 0.33015873015873043 0.9733333333333334 0.33015873015873043 0.9733333333333334 0.4349206349206351 0.9983333333333333 0.4349206349206351
3 0.026666666666666703 0.4666666666666667 3.0003846579110155e-17 0.4666666666666667 3.347367917669432e-17 0.5746031746031746 0.026666666666666703 0.5746031746031746
3 0.0666666666666667 0.3523809523809524 2.275801968415498e-17 0.3523809523809524 2.4901151582662845e-17 0.41904761904761906 0.0666666666666667 0.41904761904761906