3 0.8993808049535603 0.24093264248704685 0.8715021003072092 0.2184085219919959 0.8481583873462089 0.29933396955146646 0.8760370919925601 0.3218580900465174
3 0.8778375803762801 0.6230689517736151 0.8570897832817337 0.6211398963730571 0.855413193617528 0.6716460741331209 0.8761609907120744 0.673575129533679
3 0.9009287925696593 0.5569948186528498 0.8808960116554363 0.5486132276744897 0.8747951192861048 0.5894544346235906 0.8948279002003278 0.5978360256019507
3 0.9589435118429086 0.34493608476612236 0.9451455322613476 0.30163866826828273 0.9119628911480817 0.3312566111479644 0.925760870729643 0.37455402764580403
3 0.9546736502820307 0.23424302647455478 0.9240001696424787 0.21090921995883338 0.9056575766571952 0.2784441763077581 0.936331057296747 0.30177798282347945
3 0.8297213622291022 0.23056994818652865 0.8157894736842105 0.23056994818652865 0.8157894736842105 0.27720207253886026 0.8297213622291022 0.27720207253886026
3 0.8436532507739938 0.37564766839378266 0.823871978075756 0.3687507004733046 0.8161320399952606 0.4309268662764134 0.8359133126934984 0.43782383419689136
3 0.8498033637352522 0.4969892171964712 0.8273993808049533 0.4702072538860104 0.80470253535269 0.5233860803808991 0.8271065182829888 0.5501680436913599
3 0.8353722019781362 0.6470379201247193 0.8326460998931478 0.578602870374616 0.795556042631305 0.582741070200376 0.7982821447162934 0.6511761199504793
3 0.6735161561378045 0.35977274265474485 0.6224887327171338 0.25930424058295803 0.5908998997964474 0.30424058295795525 0.6419273232171181 0.40470908502974207
3 0.6114551083591331 0.5025906735751295 0.6096150476079211 0.431762635643758 0.5894620012851218 0.4332290546485483 0.5913020620363338 0.5040570925799198
3 0.7399380804953561 0.2435233160621763 0.7096205064420621 0.2367581510057245 0.704604756175051 0.2997149127768855 0.7349223302283451 0.3064800778333373
3 0.7352941176470589 0.3264248704663214 0.6981424148606811 0.3264248704663214 0.6981424148606811 0.3989637305699483 0.7352941176470589 0.3989637305699483
3 0.4953334387923437 0.2526946787186567 0.46798942396781984 0.23605385575432095 0.4587240966305845 0.2786959646004312 0.48606811145510836 0.29533678756476694
3 0.482448201952846 0.1992427261857314 0.47292212431531316 0.17134316460741336 0.45775184567754235 0.18585093662813876 0.46727792331507506 0.21375049820645683
3 0.5325077399380805 0.3160621761658032 0.5123839009287926 0.3160621761658032 0.5123839009287926 0.3678756476683939 0.5325077399380805 0.3678756476683939
3 0.5835913312693498 0.295336787564767 0.5618389734963045 0.28973614064512276 0.5587429982641064 0.3234148971218067 0.5804953560371517 0.32901554404145095
3 0.6123940956479279 0.1361607744183332 0.6106100197992176 0.0645019351478525 0.5377875313219331 0.06958001454728316 0.5395716071706435 0.14123885381776388
3 0.3931888544891641 0.32124352331606226 0.3235294117647059 0.32124352331606226 0.3235294117647059 0.4196891191709845 0.3931888544891641 0.4196891191709846
3 0.44427244582043346 0.4507772020725388 0.4333787238415785 0.3824092189280416 0.4121822129157406 0.39186893986627386 0.4230759348945955 0.46023692301077107
3 0.4904795439748071 0.41355155773977637 0.46103456065055354 0.3334741710956437 0.4347785646899375 0.36051502145922754 0.464223548014191 0.4405924081033602
3 0.36880462478424064 0.1561740565821451 0.347023206115236 0.15374386721078462 0.3450916463464752 0.20223302306387278 0.3668730650154799 0.20466321243523322
3 0.32972136222910214 0.028497409326424934 0.3126934984520124 0.028497409326424934 0.3126934984520124 0.08031088082901561 0.32972136222910214 0.08031088082901562
3 0.3614642141686396 0.08658945443462368 0.34216900382444 0.08410545565376418 0.3397741759242397 0.1362084730265164 0.3590693862684393 0.1386924718073759
3 0.4086687306501549 0.10362694300518142 0.3849685064588449 0.10032160085760236 0.383196327532828 0.1359120957655888 0.4068965517241381 0.13921743791316785
3 0.7662538699690402 0.1735751295336789 0.7414860681114551 0.1735751295336789 0.7414860681114551 0.21502590673575145 0.7662538699690402 0.21502590673575145
3 0.6772126647729086 0.21255541904812789 0.6689939676358878 0.1767934405213398 0.6395343270243526 0.19575610277228794 0.6477530241613736 0.231518081299076
3 0.891640866873065 0.7953367875647671 0.8653250773993808 0.7953367875647671 0.8653250773993808 0.8549222797927464 0.891640866873065 0.8549222797927464
3 0.9725451252993751 0.8136670251246458 0.9428997020854022 0.799491641411673 0.9339622641509434 0.8518427998826866 0.9636076873649163 0.8660181835956596
3 0.9149033842212021 0.9024120064320172 0.9123305220454787 0.8507414686439164 0.8823529411764706 0.8549222797927463 0.8849258033521937 0.906592817580847
3 0.6826625386996904 0.4974093264248706 0.6609907120743034 0.4974093264248706 0.6609907120743034 0.5569948186528499 0.6826625386996904 0.5569948186528499
3 0.4216361038342462 0.2857114388202472 0.3746130030959752 0.2642487046632125 0.3685044058109073 0.30173375846950984 0.41552750654917836 0.32319649262654454