3 0.20851063829787236 0.6723404255319149 0.18297872340425542 0.6595744680851063 0.15744680851063841 0.7106382978723405 0.1829787234042554 0.723404255319149
3 0.265531914893617 0.6306382978723404 0.2544680851063829 0.5974468085106382 0.2187234042553191 0.6093617021276595 0.2297872340425532 0.6425531914893617
3 0.43489361702127666 0.5804255319148937 0.3872340425531916 0.574468085106383 0.38160392798690684 0.6195090016366613 0.4292635024549919 0.625466448445172
3 0.45988583290088214 0.6793980280228334 0.44068500259470683 0.664037363777893 0.40207576543850543 0.7122989102231447 0.4212765957446808 0.7276595744680852
3 0.5191489361702127 0.6170212765957447 0.502127659574468 0.6 0.4659574468085106 0.6361702127659574 0.48297872340425524 0.6531914893617021
3 0.5702127659574469 0.5872340425531916 0.5454317897371715 0.581727158948686 0.5343178973717148 0.6317396745932415 0.5590988735919901 0.6372465581977472
3 0.6382978723404256 0.4085106382978725 0.6042553191489362 0.4085106382978725 0.6042553191489362 0.4553191489361703 0.6382978723404256 0.4553191489361703
3 0.6638297872340426 0.4765957446808512 0.628637147786084 0.47073030477285804 0.6200115008625647 0.5224841863139735 0.6552041403105234 0.5283496262219667
3 0.6851063829787234 0.16170212765957456 0.6595744680851063 0.1574468085106384 0.6550891316848764 0.18435882691201852 0.6806210465784933 0.1886141460609547
3 0.7942428035043804 0.1634543178973718 0.753191489361702 0.1531914893617022 0.7459324155193992 0.18222778473091372 0.7869837296620776 0.19249061326658332
3 0.8434569760873658 0.1412163434381473 0.8085106382978723 0.11063829787234054 0.7905855771041235 0.13112408209376777 0.8255319148936169 0.16170212765957453
3 0.1787234042553192 0.40425531914893614 0.07234042553191496 0.40425531914893614 0.07234042553191496 0.46382978723404256 0.1787234042553192 0.46382978723404256
3 0.3459901800327333 0.4108019639934535 0.3027823240589198 0.38199672667757784 0.2896890343698854 0.40163666121112945 0.33289689034369885 0.43044189852700504
3 0.4147227830408449 0.3956825594036342 0.3361391520422426 0.36710669358596065 0.3239633483460165 0.4005901537505825 0.4025469793446188 0.42916601956825606
3 0.4978723404255319 0.38723404255319155 0.4928340425531915 0.35952340425531915 0.4460255319148935 0.3680340425531915 0.45106382978723397 0.3957446808510639
3 0.01702127659574476 0.6382978723404256 7.81689446264268e-17 0.6382978723404256 8.05140129652196e-17 0.676595744680851 0.017021276595744764 0.676595744680851
3 0.08085106382978727 0.7106382978723406 0.049525368248772544 0.7020949263502456 0.03204582651391165 0.7661865793780689 0.06337152209492637 0.7747299509001638
3 0.1768158473954512 0.857960381511372 0.17446808510638298 0.8297872340425532 0.09663976522377109 0.8362729273661043 0.09898752751283933 0.864446074834923
3 0.2042553191489362 0.7872340425531916 0.18638297872340429 0.7514893617021278 0.12170212765957447 0.7838297872340426 0.1395744680851064 0.8195744680851065
3 0.31181217901687464 0.7986793837123991 0.29977989728539994 0.7685986793837124 0.2638297872340426 0.7829787234042553 0.2758620689655173 0.8130594277329419
3 0.5434292866082603 0.7779724655819774 0.5354192740926157 0.7459324155193992 0.4873591989987483 0.757947434292866 0.4953692115143929 0.7899874843554442
3 0.347124499684011 0.930819464925216 0.34286918053507476 0.8882662734358542 0.2691384032020223 0.8956393511691594 0.2733937223509585 0.9381925426585213
3 0.32765957446808525 0.851063829787234 0.2765957446808512 0.851063829787234 0.2765957446808512 0.8808510638297873 0.32765957446808525 0.8808510638297873
3 0.07234042553191494 0.3404255319148936 0.025531914893617065 0.3404255319148936 0.025531914893617065 0.3872340425531915 0.07234042553191496 0.3872340425531915
3 0.5565620391826417 0.26842216136507274 0.5093743416894881 0.2637033916157574 0.5040657257215083 0.3167895512955552 0.551253423214662 0.32150832104487054
3 0.6 0.2595744680851064 0.5574468085106383 0.2595744680851064 0.5574468085106383 0.28085106382978736 0.6 0.28085106382978736
3 0.9957446808510638 0.22127659574468098 0.902127659574468 0.22127659574468098 0.902127659574468 0.3489361702127661 0.9957446808510638 0.3489361702127661
3 0.025531914893617086 0.5148936170212766 6.305628199865096e-17 0.5148936170212766 6.852810812250084e-17 0.6042553191489362 0.025531914893617093 0.6042553191489362