3 0.4850498338870432 0.627450980392157 0.4561266367011921 0.6167820069204153 0.4486026968927106 0.6611880046136102 0.4775258940785617 0.6718569780853518
3 0.6069256325070278 0.4746229260935144 0.59353437260414 0.4400452488687783 0.5454127268080756 0.48061840120663646 0.5588039867109634 0.5151960784313726
3 0.48147560565903913 0.5179968054637586 0.4765762066519839 0.4866710729235514 0.4502501026540745 0.4956350517735183 0.45514950166112955 0.5269607843137255
3 0.30320895665700076 0.9079819789187351 0.29823516985769977 0.8602799501303412 0.27177231962821424 0.8662869772186332 0.2767461064275152 0.9139890060070271
3 0.32065680769117694 0.991497483949332 0.3186355217122865 0.9467616692694777 0.29371857819069175 0.9492126496616345 0.29573986416958226 0.9939484643414889
3 0.7797537619699042 0.45501730103806226 0.7651944498729724 0.36908881199538635 0.725718194254446 0.3836505190311418 0.7402775063513777 0.4695790080738177
3 0.8470747913459201 0.631247010999522 0.8087877805688355 0.6249701099952177 0.8039056802528157 0.689801530368245 0.8421926910299004 0.6960784313725492
3 0.6445182724252492 0.9142156862745098 0.5930232558139535 0.9142156862745098 0.5930232558139535 0.9730392156862745 0.6445182724252492 0.9730392156862745
3 0.4152823920265782 0.8725490196078431 0.3654485049833888 0.8725490196078431 0.3654485049833888 0.9313725490196079 0.4152823920265782 0.9313725490196079
3 0.18106312292358814 0.9436274509803921 0.14617940199335558 0.9436274509803921 0.14617940199335558 0.9975490196078431 0.18106312292358814 0.9975490196078431
3 0.6229235880398671 0.6764705882352942 0.5897009966777409 0.6764705882352942 0.5897009966777409 0.7181372549019608 0.6229235880398671 0.7181372549019608
3 0.5243216581814883 0.8859164826340092 0.520341750479063 0.8360018068660912 0.4721519848514054 0.8443669276584355 0.4761318925538308 0.8942816034263535