3 0.1086178861788618 0.592382225192115 0.08051103368176545 0.5600400935516205 0.059512195121951286 0.5977948546608753 0.08761904761904765 0.6301369863013698
3 0.214581684981685 0.6099810326659642 0.16456556776556783 0.5845900948366701 0.14357216117216123 0.6701454162276079 0.1935882783882784 0.695536354056902
3 0.5371428571428571 0.4520547945205481 0.41904761904761906 0.45205479452054803 0.41904761904761906 0.5013698630136987 0.5371428571428571 0.5013698630136988
3 0.45516483516483514 0.5649104320337197 0.3917948717948718 0.5466807165437303 0.38395604395604394 0.6030558482613277 0.44732600732600725 0.6212855637513173
3 0.300952380952381 0.6493150684931508 0.2971428571428572 0.6219178082191782 0.2707692307692308 0.629504741833509 0.27457875457875464 0.6569020021074817
3 0.3538236680810938 0.6577376915773769 0.3348420556341349 0.6353994303539944 0.3162564827911363 0.6680726976807271 0.33523809523809517 0.6904109589041096
3 0.29560407569141184 0.9847699946162589 0.28718652526512783 0.8939642280313453 0.24089831565814102 0.902841418914877 0.24931586608442505 0.9936471854997906
3 0.2996526610644258 0.8962449637389203 0.2962577030812325 0.8327639000805801 0.254890756302521 0.8373408541498791 0.2582857142857143 0.9008219178082192
3 0.281904761904762 0.7671232876712328 0.24761904761904774 0.7671232876712328 0.24761904761904774 0.8136986301369863 0.281904761904762 0.8136986301369863
3 0.3957834311806916 0.745288046537812 0.33877103718199614 0.7366560330268345 0.3347632093933464 0.7914205291799589 0.3917756033920418 0.8000525426909365
3 0.7314702815432742 0.39230076992300783 0.711129648939868 0.3816618338166185 0.7015641293013557 0.4194980501949806 0.7219047619047619 0.43013698630136993
3 0.4678681318681319 0.7097154899894627 0.46370695970695974 0.6618335089567966 0.40720879120879117 0.6719915700737619 0.41136996336996334 0.7198735511064278
3 0.43047619047619057 0.8054794520547945 0.38666666666666677 0.8054794520547945 0.38666666666666677 0.852054794520548 0.43047619047619057 0.852054794520548
3 0.49142857142857144 0.9095890410958904 0.45523809523809533 0.9095890410958904 0.45523809523809533 0.9643835616438357 0.49142857142857144 0.9643835616438357
3 0.5466666666666666 0.8465753424657536 0.5086130172593056 0.8392773823054378 0.5039051777916408 0.8900640066997668 0.541958827199002 0.8973619668600826
3 0.5719146141215106 0.8248275862068968 0.5684991789819376 0.7658762399622109 0.5245188834154351 0.7711478507321683 0.527934318555008 0.8300991969768542
3 0.7091625615763546 0.8336324988190837 0.6893267651888341 0.7623051487954654 0.6571428571428571 0.7808219178082193 0.6769786535303777 0.8521492678318376
3 0.5467753275806967 0.641068309276455 0.5420581655480984 0.60262020777788 0.4982678171939917 0.6137354049829916 0.50298497922659 0.6521835064815666
3 0.8380952380952381 0.9315068493150684 0.7866666666666666 0.9315068493150684 0.7866666666666666 0.9972602739726028 0.8380952380952381 0.9972602739726028
3 0.6000000000000002 0.8273972602739728 0.5778397212543555 0.8238556632141665 0.5759349593495935 0.8485131974607418 0.5980952380952383 0.8520547945205481
3 0.5646869983948635 0.5762659689087272 0.5199999999999999 0.5369863013698631 0.5049802033172819 0.5723380021548408 0.5496672017121454 0.6116176696937048
3 0.8285714285714286 0.4109589041095893 0.8095238095238098 0.4027397260273975 0.803809523809524 0.4301369863013701 0.822857142857143 0.4383561643835619
3 0.9245320197044334 0.5382144544166273 0.9217471264367816 0.47011809163911183 0.8867980295566503 0.4730751062824752 0.8895829228243022 0.5411714690599905
3 0.8285714285714286 0.63013698630137 0.8038095238095239 0.63013698630137 0.8038095238095239 0.682191780821918 0.8285714285714286 0.682191780821918
3 0.8914285714285715 0.6383561643835618 0.8533333333333334 0.6383561643835618 0.8533333333333334 0.7041095890410959 0.8914285714285715 0.704109589041096
3 0.8826769626769627 0.6285820066641984 0.875006435006435 0.5623843021103295 0.8413384813384813 0.5704553868937431 0.849009009009009 0.636653091447612
3 0.8833410553410553 0.35129951869677906 0.8556602316602315 0.3450129581636432 0.8485096525096524 0.41015179563124776 0.8761904761904762 0.41643835616438374