3 0.36441847252658066 0.13846278711143578 0.3586559532505479 0.10388767145523901 0.30508887265644025 0.11281551822092362 0.310851391932473 0.1473906338771204
3 0.407294935384823 0.20238215743833723 0.39767857745385826 0.16071127307082367 0.34745419576880254 0.17230151499814422 0.3570705536997672 0.2139723993656578
3 0.6166224027495705 0.2877501779235884 0.5615615615615617 0.27927927927927937 0.5529517957263623 0.3352427572080752 0.608012636914371 0.3437136558523842
3 0.6714714714714715 0.2516516516516517 0.657957957957958 0.2111111111111111 0.6237237237237236 0.2225225225225225 0.6372372372372372 0.26306306306306315
3 0.5569640436897074 0.33923303834808266 0.5385473969544765 0.3181854420792474 0.4936883786441308 0.35743708310079997 0.5121050253793616 0.3784846793696352
3 0.7267267267267268 0.5555555555555557 0.6396396396396397 0.5555555555555556 0.6396396396396397 0.6486486486486487 0.7267267267267268 0.6486486486486487
3 0.5467960267960267 0.7252113652113652 0.543007623007623 0.6570200970200969 0.5015939015939015 0.6593208593208593 0.5053823053823053 0.7275121275121276
3 0.8827379103241172 0.6138759449104277 0.8787822305063684 0.5664077870974423 0.8156570363466914 0.5716682199440821 0.8196127161644402 0.6191363777570675
3 0.6186186186186187 0.38738738738738737 0.5765765765765766 0.38738738738738737 0.5765765765765766 0.42342342342342343 0.6186186186186187 0.42342342342342343
3 0.42254018724606957 0.5610316198551493 0.40540540540540543 0.4924924924924924 0.36866278042748624 0.5016781487369721 0.38579756226815043 0.570217276099629
3 0.5765765765765766 0.2162162162162163 0.5165165165165165 0.2162162162162163 0.5165165165165165 0.26126126126126137 0.5765765765765766 0.26126126126126137