3 0.6321021960025531 0.4191720182745295 0.615765586278922 0.07130475515225089 0.5458638553641052 0.07872134403144825 0.5622004650877362 0.4265886071537268
3 0.6484599589322381 0.6191358024691359 0.6182751540041067 0.6040123456790124 0.6104722792607803 0.6391975308641976 0.6406570841889117 0.654320987654321
3 0.6242299794661191 0.5370370370370372 0.5379876796714579 0.5370370370370372 0.5379876796714579 0.5895061728395063 0.6242299794661191 0.5895061728395063
3 0.5830308008213552 0.4331851851851853 0.5188829568788501 0.4156543209876544 0.5115564681724847 0.4762222222222224 0.5757043121149896 0.4937530864197532
3 0.362821596811209 0.06365286855482936 0.3546080444498127 0.00809731299927381 0.3326488706365503 0.01543209876543212 0.3408624229979466 0.07098765432098768
3 0.35523613963039014 0.15740740740740744 0.3465171378929079 0.1344729344729345 0.33125888485231403 0.1475783475783476 0.3399778865897963 0.17051282051282052
3 0.39630390143737165 0.1327160493827161 0.38706365503080087 0.12808641975308652 0.3829568788501027 0.14660493827160503 0.3921971252566735 0.15123456790123466
3 0.41683778234086244 0.2191358024691359 0.4041106504978497 0.20850803633822507 0.39384371004610436 0.23628581411600286 0.406570841889117 0.24691358024691368
3 0.3490759753593429 0.20061728395061737 0.32238193018480493 0.16049382716049385 0.29876796714579057 0.19598765432098766 0.32546201232032856 0.23611111111111116
3 0.35195071868583155 0.24753086419753095 0.328952772073922 0.23024691358024701 0.3236139630390144 0.24629629629629637 0.346611909650924 0.2635802469135803
3 0.39835728952772076 0.33950617283950624 0.3593429158110883 0.33950617283950624 0.3593429158110883 0.49074074074074076 0.39835728952772076 0.49074074074074076
3 0.4141683778234086 0.34907407407407404 0.4057494866529774 0.31111111111111106 0.3878850102669404 0.3200617283950617 0.3963039014373716 0.35802469135802467
3 0.45764007850522415 0.390914671577655 0.4306306510715055 0.24374872109678736 0.3973362678253372 0.25755405497578604 0.42434569525905586 0.4047200054566537
3 0.6415516294955984 0.09149248258159162 0.6078028747433265 0.08641975308641989 0.6047939496208348 0.13164649798313177 0.6385427043731067 0.1367192274783035
3 0.6398434775870752 0.5281271837875611 0.6335670838014799 0.4951083158630328 0.5926155515090463 0.512695085022129 0.5988919452946417 0.5457139529466574
3 0.33059548254620125 0.48148148148148145 0.30184804928131415 0.48148148148148145 0.30184804928131415 0.5401234567901234 0.33059548254620125 0.5401234567901234
3 0.362422997946612 0.6805555555555558 0.33264887063655035 0.6358024691358027 0.30903490759753605 0.6712962962962966 0.3388090349075977 0.7160493827160497
3 0.6094739078099556 0.7075138356747553 0.5668200807193939 0.7021711366538954 0.564596757062947 0.7422733077905493 0.6072505841535085 0.7476160068114094
3 0.5683127159813695 0.31507828967178575 0.5360845394901589 0.30969587473652527 0.5324285070366105 0.35915386931647103 0.5646566835278211 0.3645362842517315