3 0.761143034632707 0.22186674949526336 0.7091939742195994 0.1976238546358131 0.6757105140549776 0.26937412641714564 0.7276595744680853 0.2936170212765959
3 0.7191489361702128 0.3319148936170214 0.6489361702127658 0.3085106382978724 0.627659574468085 0.3723404255319149 0.6978723404255319 0.39574468085106396
3 0.37619549188961454 0.09336423004002534 0.2936170212765958 0.08510638297872347 0.2861596797977671 0.1596797977670108 0.3687381504107858 0.16793764482831267
3 0.3771214017521903 0.33662077596996254 0.3312140175219025 0.2972715894868586 0.277747183979975 0.3596495619524406 0.32365456821026284 0.3989987484355445
3 0.20646808510638306 0.24408510638297878 0.15940425531914898 0.2373617021276596 0.1525957446808511 0.2850212765957448 0.19965957446808516 0.291744680851064
3 0.09682102628285355 0.148035043804756 0.09221526908635795 0.08816020025031288 0.025181476846057572 0.09331664580725905 0.029787234042553193 0.15319148936170215
3 0.0780555986954496 0.2140705078428327 0.004255319148936193 0.18723404255319148 -0.018481130610343212 0.24975927939120984 0.055319148936170195 0.2765957446808511
3 0.1872340425531916 0.697872340425532 0.10891853158416945 0.6521882923602692 0.06091941351559927 0.7344724947635324 0.1392349244846214 0.7801565428287952
3 0.5872340425531916 0.7744680851063831 0.5286707394143672 0.7686117547925005 0.5220981672635351 0.8343374763008217 0.5806614704023595 0.8401938066147042
3 0.39574468085106396 0.8042553191489362 0.3547916592912522 0.7957234396573087 0.3335150635465714 0.8978510992317769 0.3744680851063831 0.9063829787234042
3 0.7476846057571964 0.7752190237797246 0.7306633291614517 0.6986232790988737 0.682453066332916 0.7093366708385481 0.6994743429286607 0.7859324155193991
3 0.6425531914893616 0.6510638297872341 0.6246808510638296 0.5974468085106382 0.5863829787234042 0.6102127659574467 0.6042553191489362 0.6638297872340425
3 0.8508953022961872 0.2655150621445124 0.7923319991573625 0.25965873183062993 0.7808299978934063 0.37467874447019184 0.839393301032231 0.3805350747840743
3 0.8355155482815056 0.4649754500818332 0.7945990180032734 0.4567921440261867 0.7803600654664485 0.527986906710311 0.8212765957446808 0.5361702127659574
3 0.7872340425531914 0.6340425531914894 0.7659574468085105 0.574468085106383 0.7198613651679984 0.590930971406566 0.7411379609126793 0.6505054394916724
3 0.6978723404255319 0.48510638297872355 0.6680851063829787 0.48510638297872355 0.6680851063829787 0.5276595744680852 0.6978723404255319 0.5276595744680852
3 0.9659574468085105 0.5659574468085107 0.9617021276595743 0.5361702127659574 0.9319148936170212 0.5404255319148936 0.9361702127659574 0.5702127659574469
3 0.5251293847038528 0.9592869465209891 0.5171937895342151 0.9116733755031627 0.3750431282346176 0.935365152386429 0.3829787234042553 0.9829787234042554