3 0.41666666666666674 0.6644444444444444 0.3733333333333334 0.6644444444444444 0.3733333333333334 0.7355555555555555 0.41666666666666674 0.7355555555555555
3 0.3133333333333334 0.6933333333333334 0.25666666666666677 0.6933333333333334 0.25666666666666677 0.76 0.3133333333333334 0.76
3 0.1683333333333334 0.5888888888888889 0.11500000000000005 0.5888888888888889 0.11500000000000005 0.6511111111111111 0.1683333333333334 0.6511111111111111
3 0.3566666666666667 0.4911111111111113 0.32 0.44222222222222235 0.2808333333333333 0.4944444444444446 0.31750000000000006 0.5433333333333336
3 0.3452946593001842 0.31413136893799876 0.3033057090239411 0.26374462860650705 0.2750460405156538 0.3056108041743401 0.31703499079189695 0.3559975445058319
3 0.4757755775577558 0.07854785478547863 0.41455445544554453 0.07038503850385046 0.40993399339933995 0.13199119911991208 0.47115511551155115 0.14015401540154024
3 0.2866666666666667 0.09555555555555559 0.2832058823529412 0.035568627450980404 0.2235588235294118 0.04168627450980393 0.22701960784313727 0.10167320261437911
3 0.23204374057315244 0.25610859728506796 0.15768853695324292 0.25138763197586733 0.15530542986425344 0.3181146304675717 0.229660633484163 0.32283559577677234
3 0.12868020304568528 0.3020304568527919 0.12468697123519457 0.22749012972363225 0.07269035532994923 0.23244218838127467 0.07668358714043993 0.30698251551043426
3 0.10083333333333339 0.458888888888889 0.060000000000000046 0.40444444444444455 0.030000000000000047 0.4444444444444446 0.07083333333333339 0.498888888888889
3 0.7963725490196079 0.8326797385620915 0.7344117647058824 0.8120261437908498 0.7095098039215687 0.9448366013071897 0.7714705882352941 0.9654901960784316
3 0.9964159292035397 0.06945919370698149 0.9432079646017699 0.06472959685349079 0.9399188790560472 0.1305113077679451 0.9931268436578171 0.1352409046214358