3 0.1407942238267148 0.054151624548736475 0.10108303249097472 0.054151624548736475 0.10108303249097472 0.1028880866425993 0.1407942238267148 0.1028880866425993
3 0.30000000000000004 0.1833935018050542 0.22563176895306858 0.14620938628158847 0.2 0.19747292418772566 0.2743682310469315 0.2346570397111914
3 0.06251921221002969 0.26758766129320516 0.02340136540729887 0.2428816527862173 -0.015073095757229139 0.3037995496300533 0.024044751045501685 0.3285055581370412
3 0.3123063160921377 0.5564358966167217 0.23767611258426255 0.4911344685473309 0.19529727484744908 0.539567425960832 0.2699274783553242 0.6048688540302227
3 0.18419002851511437 0.74004849601398 0.15242378472104628 0.6402117298040518 0.08447517965876687 0.6618317405056862 0.11624142345283493 0.7616685067156145
3 0.4670710571923743 0.7837125928335908 0.4626131678231109 0.6767232479712694 0.36951366773238903 0.6806023938083827 0.37397155710165236 0.7875917386707042
3 0.571716189947237 0.9560538739239103 0.5465148569841711 0.8300472091085811 0.4357817272979729 0.8521938350458208 0.46098306026103864 0.9782004998611501
3 0.7643363885366964 0.4512732164806768 0.6591109261427978 0.41035220332749395 0.6311640421598707 0.48221561928359197 0.7363895045537693 0.5231366324367748
3 0.6761044326175145 0.23671331273958834 0.6284472812534891 0.21838363913804018 0.6169098217276415 0.24838103390524402 0.6645669730916669 0.2667107075067922
3 0.4368231046931408 0.07039711191335746 0.37725631768953066 0.07039711191335746 0.37725631768953066 0.11191335740072207 0.4368231046931408 0.11191335740072207
3 0.7981949458483756 0.28592057761732853 0.7638989169675091 0.2173285198555958 0.7198555956678702 0.23935018050541526 0.7541516245487366 0.307942238267148
3 0.8378558323962834 0.16084216133041382 0.7815440610759308 0.15572290939219993 0.7758181925785643 0.21870746286323026 0.8321299638989169 0.22382671480144414
3 0.9945848375451264 0.6227436823104695 0.9602888086642599 0.6227436823104695 0.9602888086642599 0.696750902527076 0.9945848375451264 0.696750902527076
3 0.9846570397111913 0.8456678700361014 0.881768953068592 0.742779783393502 0.8095667870036101 0.814981949458484 0.9124548736462095 0.9178700361010833