3 0.16679399032340217 0.39343009931245226 0.10466004583651647 0.37789661319073087 0.08912655971479505 0.44003055767761645 0.15126050420168072 0.4555640437993379
3 0.6425409796196313 0.27048980981565257 0.5549637628289313 0.2502796828639526 0.544457415243932 0.2958071890656161 0.6320346320346321 0.31601731601731614
3 0.7917723302338687 0.28589359358590133 0.7186147186147186 0.2554112554112555 0.6979943133789287 0.30490022797715116 0.7711519249980788 0.335382566151797
3 0.6406926406926406 0.7186147186147186 0.632067303765417 0.6726129216695254 0.5565302621906395 0.6867761169647961 0.5651555991178632 0.7327779139099894
3 0.4112554112554113 0.7359307359307359 0.4071294559099438 0.6884822494578592 0.29616724738675954 0.6981311371555274 0.3002932027322271 0.7455796236284041
3 0.7316017316017316 0.7402597402597403 0.645021645021645 0.7402597402597403 0.645021645021645 0.7922077922077922 0.7316017316017316 0.7922077922077922
3 0.9610389610389609 0.7705627705627708 0.8881271013250708 0.7653547805832072 0.8835783505834267 0.8290372909662251 0.9564902102973168 0.8342452809457885
3 0.8276970554198279 0.8960181732458959 0.820924949637821 0.8282971154258282 0.7480605203377481 0.8355835583558355 0.7548326261197549 0.9033046161759033
3 0.8831168831168831 0.2727272727272729 0.8138528138528138 0.2727272727272729 0.8138528138528138 0.3463203463203464 0.8831168831168831 0.3463203463203464
3 0.8502164502164502 0.7238095238095239 0.7965367965367965 0.6969696969696971 0.7645021645021645 0.7610389610389611 0.8181818181818182 0.787878787878788
3 0.961038961038961 0.9134199134199135 0.8658008658008658 0.9134199134199135 0.8658008658008658 0.9956709956709957 0.961038961038961 0.9956709956709957