3 0.3163179916317992 0.1748953974895398 0.2510460251046025 0.14225941422594146 0.2301255230125523 0.18410041841004188 0.295397489539749 0.21673640167364022
3 0.4225941422594142 0.2050209205020921 0.3807531380753138 0.2050209205020921 0.3807531380753138 0.24686192468619253 0.4225941422594142 0.24686192468619253
3 0.525686925764569 0.21783203209248164 0.4593020747961869 0.18832765388431183 0.44204805245222795 0.22714920415821943 0.50843290342061 0.25665358236638924
3 0.40723603248830914 0.04385921732709821 0.3963081466896382 -0.005316268766921005 0.33782919025350716 0.00767905488555255 0.3487570760521781 0.056854540979571766
3 0.7322175732217573 0.09205020920502101 0.6778242677824268 0.09205020920502101 0.6778242677824268 0.15481171548117162 0.7322175732217573 0.15481171548117165
3 0.7937507197420444 0.21051015316110716 0.734252044067406 0.19266055045871563 0.7145599017312194 0.2583010249126713 0.7740585774058577 0.27615062761506287
3 0.6673640167364017 0.3158995815899583 0.6213389121338913 0.2698744769874478 0.5920502092050209 0.29916317991631813 0.6380753138075314 0.34518828451882855
3 0.2855477056039509 0.36106728856574527 0.24336374236916114 0.3104465326839975 0.19644694423485834 0.34954386446258323 0.23863090746964805 0.40016462034433087
3 0.3280334728033473 0.2920502092050209 0.2985774058577406 0.26995815899581593 0.27146443514644353 0.3061087866108787 0.30092050209205023 0.32820083682008366
3 0.30962343096234307 0.3891213389121339 0.27615062761506276 0.3891213389121339 0.27615062761506276 0.41841004184100417 0.30962343096234307 0.41841004184100417
3 0.30962343096234324 0.502092050209205 0.25941422594142266 0.502092050209205 0.25941422594142266 0.5606694560669456 0.30962343096234324 0.5606694560669456
3 0.38912133891213385 0.5355648535564853 0.3621798142667619 0.5018879477497704 0.32033881008266146 0.5353607510970507 0.34728033472803344 0.5690376569037657
3 0.42259414225941433 0.49790794979079506 0.38699710331509507 0.4521403282909559 0.3588992597360799 0.47399420663018993 0.3944962986803992 0.519761828130029
3 0.15078751698957973 0.4563600991391947 0.11880713162593606 0.39772939263918133 0.07219571995842546 0.423153799003278 0.10417610532206913 0.4817845055032914
3 0.37656903765690375 0.3305439330543933 0.3138075313807531 0.3305439330543933 0.3138075313807531 0.3807531380753138 0.37656903765690375 0.3807531380753138
3 0.4331109352029855 0.3469410833427571 0.38561574126427695 0.33902521768630567 0.3792830487391158 0.37702137283727255 0.4267782426778243 0.38493723849372397
3 0.5212032115797806 0.3497681782200611 0.4614949677711184 0.33981680425195077 0.4548230238606808 0.3798484677145766 0.514531267669343 0.38979984168268694
3 0.6527196652719666 0.4476987447698746 0.5899581589958159 0.4476987447698746 0.5899581589958159 0.5104602510460252 0.6527196652719666 0.5104602510460252
3 0.27984248092542463 0.6505045532857495 0.1892690130445484 0.6278611863155306 0.1752399704651736 0.6839773566330299 0.2658134383460498 0.7066207236032489
3 0.36949935074303847 0.6850382340210648 0.3652286827297648 0.6337902178617805 0.29285817342374837 0.6398210936372819 0.297128841437022 0.6910691097965662
3 0.481417671671179 0.6517351710558702 0.42628599556977603 0.6379522520305194 0.41668717696283536 0.6763475264582821 0.4718188530642383 0.6901304454836328
3 0.1645857740585774 0.7859748953974895 0.14865271966527197 0.6983430962343096 0.06580753138075313 0.7134058577405857 0.08174058577405857 0.8010376569037657
3 0.06694560669456075 0.5690376569037657 7.04556212898582e-17 0.5690376569037657 7.455485743763176e-17 0.6359832635983264 0.06694560669456076 0.6359832635983264
3 0.05439330543933064 0.7740585774058577 9.479483591726375e-17 0.7740585774058577 9.991888110198069e-17 0.8577405857740585 0.05439330543933065 0.8577405857740585
3 0.15481171548117167 0.8577405857740585 0.09205020920502104 0.8577405857740585 0.09205020920502104 0.9163179916317992 0.15481171548117167 0.9163179916317992
3 0.5062761506276152 0.9037656903765691 0.37656903765690386 0.9037656903765691 0.37656903765690386 0.99581589958159 0.5062761506276152 0.99581589958159
3 0.49127110085124803 0.7993074592410907 0.4693406434857885 0.744481315827442 0.4274996393016881 0.7612177175010821 0.44943009666714756 0.8160438609147308
3 0.6104169672485933 0.8814889626316551 0.6040686769585918 0.8053094791516378 0.5220025970278459 0.8121483191458666 0.5283508873178473 0.8883278026258838
3 0.15481171548117162 0.6401673640167364 0.05020920502092058 0.6401673640167364 0.050209205020920585 0.698744769874477 0.15481171548117162 0.698744769874477