3 0.32052064266829366 0.48048615419322094 0.30246639673119236 0.4411482713890927 0.2714977721079002 0.4742118323839604 0.2895520180450015 0.5135497151880887
3 0.1572812767170134 0.3511880614314691 0.1550774199677021 0.294045204288612 0.12705899116557423 0.2965589684149523 0.12926284791488551 0.3537018255578093
3 0.15969048776535408 0.5003336628769155 0.15645762437206287 0.43623331685615424 0.11948630691946201 0.44057093425605537 0.1227191703127532 0.5046712802768166
3 0.33337056064328796 0.3841131047013401 0.3079070806343534 0.3776402452873042 0.30161566525202893 0.4352146263910971 0.3270791452609635 0.44168748580513295
3 0.3691460055096419 0.4117647058823531 0.3402203856749311 0.4117647058823531 0.3402203856749312 0.49369747899159677 0.3691460055096419 0.49369747899159677
3 0.29752066115702486 0.6302521008403361 0.25482093663911853 0.6302521008403361 0.25482093663911853 0.6827731092436975 0.29752066115702486 0.6827731092436975
3 0.30440771349862267 0.5651260504201681 0.28925619834710753 0.5651260504201681 0.28925619834710753 0.6050420168067226 0.30440771349862267 0.6050420168067226
3 0.3629201101928375 0.593781512605042 0.3608815426997246 0.5378151260504201 0.3438694638694638 0.539256625727214 0.34590803136257675 0.5952230122818359
3 0.25978890023833845 0.7486781229345671 0.2348407465874269 0.7398970824284771 0.2269709350914663 0.7919105844585026 0.25191908874237784 0.8006916249645927
3 0.3292011019283747 0.7100840336134454 0.3016528925619836 0.7100840336134454 0.3016528925619836 0.7626050420168067 0.3292011019283747 0.7626050420168067
3 0.47295572129275015 0.6098585775773725 0.4423839279715112 0.5725558516089363 0.42383927971511126 0.6079114572658333 0.45441107303635014 0.6452141832342695
3 0.47968014822399374 0.5603294415111177 0.4768948536044272 0.49660704989960586 0.4514798020429556 0.4991912694281253 0.4542650966625222 0.562913661039637
3 0.5520661157024794 0.6336134453781513 0.5402203856749312 0.5974789915966388 0.4933884297520662 0.6331932773109245 0.5052341597796144 0.669327731092437
3 0.5763708064455263 0.6471019914815243 0.5655779463375977 0.6396195464487167 0.557936148533907 0.6652613100034536 0.5687290086418355 0.6727437550362613
3 0.6060606060606062 0.6890756302521008 0.5934065410315804 0.6787822395394144 0.5804808068098412 0.7157468523741677 0.5931348718388668 0.7260402430868542
3 0.4572815776024332 0.7409977565686909 0.4437754758610373 0.7222708087759991 0.4230208294379417 0.7570915243925624 0.4365269311793376 0.7758184721852543
3 0.5234159779614325 0.7457983193277311 0.509641873278237 0.7247899159663865 0.4807162534435262 0.7689075630252101 0.49449035812672176 0.7899159663865546
3 0.35123966942148765 0.6302521008403361 0.3195592286501378 0.6302521008403361 0.3195592286501378 0.6974789915966386 0.35123966942148765 0.6974789915966386
3 0.08102973306735062 0.7330483917705015 0.07927234729742566 0.7008838017965807 0.03356131851429657 0.7066937119675457 0.03531870428422153 0.7388583019414664
3 0.1725814292659213 0.8063519525457242 0.14730189596499763 0.7967128027681661 0.13936152973586133 0.8451557093425606 0.164641063036785 0.8547948591201188
3 0.24048687577147249 0.8988105628007881 0.23040153354423654 0.8438738997082513 0.16628246315324816 0.8712565144752263 0.17636780538048408 0.9261931775677631
3 0.6123933346771484 0.49239085878253747 0.6071524558220789 0.420449887271982 0.5716253443526171 0.42647058823529416 0.5768662232076867 0.4984115597458496
3 0.5482093663911846 0.5126050420168068 0.5234159779614325 0.5126050420168068 0.5234159779614325 0.5546218487394958 0.5482093663911846 0.5546218487394958
3 0.05272701999140697 0.9500713129288414 0.04445623878484596 0.9266440521162594 0.010861323830464809 0.9542344460720069 0.01913210503702582 0.9776617068845889
3 0.03994490358126724 0.29411764705882354 2.386880469412541e-17 0.29411764705882354 2.901367072360121e-17 0.4222689075630252 0.039944903581267246 0.4222689075630252
3 0.6639118457300276 0.823529411764706 0.5909090909090909 0.8235294117647058 0.5909090909090909 0.8571428571428573 0.6639118457300276 0.8571428571428574
3 0.6438461630998351 0.7872738615096694 0.6413559974496854 0.7587886683057503 0.6072515548498082 0.765724193607574 0.6097417204999579 0.7942093868114931
3 0.7434202161474888 0.4794440853264383 0.6793899505129452 0.4416403665538615 0.6668848085960385 0.4909122019848665 0.7309150742305821 0.5287159207574433
3 0.6418732782369146 0.49789915966386566 0.5977961432506887 0.49789915966386566 0.5977961432506887 0.5378151260504201 0.6418732782369146 0.5378151260504203
3 0.7320984136031158 0.834120544769632 0.7304360216585921 0.8036945812807882 0.6818751781134226 0.8098667053028109 0.6835375700579461 0.8402926687916547
3 0.6900826446280992 0.8277310924369747 0.6879493381710677 0.7984474277515883 0.6309547806221864 0.808106169296987 0.6330880870792178 0.8373898339823735
3 0.7582725652244369 0.5971082550667326 0.732312429103873 0.5883094414236283 0.7261870037271105 0.6303509639149778 0.7521471398476746 0.6391497775580821
3 0.7066115702479339 0.735294117647059 0.6928374655647384 0.7142857142857144 0.6707988980716253 0.7478991596638658 0.6845730027548209 0.7689075630252103
3 0.7617079889807161 0.6680672268907563 0.7491451192401717 0.6606157208191588 0.7388053087541266 0.7011681348142474 0.7513681784946711 0.708619640885845
3 0.7957931905696847 0.6243093922651936 0.7832366863004733 0.6070732160267424 0.7641964598267964 0.6393402664933379 0.7767529640960078 0.656576442731789
3 0.6488093487446447 0.7287523550345407 0.6268492103173436 0.7182855348545113 0.6183200494103115 0.7599135739705135 0.6402801878376126 0.7703803941505429
3 0.6592400102240776 0.6772719397037167 0.6539859702933741 0.6564368015247337 0.6338644173695719 0.668240492073118 0.6391184573002755 0.6890756302521011
3 0.6873278236914601 0.6134453781512608 0.6611570247933884 0.6134453781512608 0.6611570247933884 0.6575630252100843 0.6873278236914601 0.6575630252100843
3 0.5798898071625345 0.5903361344537815 0.5523415977961432 0.5903361344537815 0.5523415977961432 0.6386554621848739 0.5798898071625345 0.6386554621848739
3 0.8223140495867769 0.6134453781512608 0.8119834710743802 0.5976890756302521 0.7913223140495868 0.629201680672269 0.8016528925619835 0.6449579831932776
3 0.7988980716253443 0.7289915966386555 0.7844352617079889 0.7069327731092439 0.7706611570247934 0.7279411764705884 0.7851239669421488 0.7500000000000002
3 0.8139751321569505 0.41034521916874855 0.8028069391705757 0.3864978423801953 0.7863896954806047 0.40438337497161025 0.7975578884669795 0.4282307517601635