3 0.8529819694868238 0.8169209431345353 0.7766990291262136 0.8169209431345353 0.7766990291262136 0.8918169209431346 0.8529819694868238 0.8918169209431346
3 0.28775007700284866 0.8741254025563124 0.2446649328115972 0.8331945155746235 0.21287596982581858 0.866656581875443 0.25596111401707 0.907587468857132
3 0.23847428914916483 0.778515351567684 0.23369668456099904 0.7235728988037774 0.1711532606630878 0.7290114574035957 0.1759308652512536 0.7839539101675025
3 0.3560394173224728 0.7193010015248925 0.2723963801043671 0.7148987364081502 0.26969141998911894 0.7662929785978653 0.3533344572072246 0.7706952437146076
3 0.4951722303497806 0.9202743525924801 0.45303896794786547 0.8811506089335589 0.4202382535671538 0.9164744551897099 0.46237151596906884 0.9555981988486311
3 0.25082390665360293 0.5726119431472597 0.20425250353102858 0.5586405222104874 0.18673096743819118 0.6170456425199454 0.2333023705607655 0.6310170634567178
3 0.49554627955947306 0.4076059322597905 0.481314606233079 0.3585857241355443 0.4103838505381468 0.3791785241760085 0.42461552386454093 0.4281987323002546
3 0.44521497919556174 0.3120665742024966 0.36893203883495146 0.3120665742024966 0.36893203883495146 0.346740638002774 0.44521497919556174 0.346740638002774
3 0.729292365078839 0.4824802488012006 0.701895831065121 0.4407331493517253 0.6327616649231017 0.4861024458824254 0.6601581989368198 0.5278495453319006
3 0.8882168033245467 0.5313458741116807 0.8447733890547058 0.47962752379044127 0.7914286755158173 0.5244370831631074 0.8348720897856584 0.5761554334843468
3 0.7119616148742363 0.7793979832814785 0.70022866139371 0.7090002623983206 0.6422011470555161 0.7186715147880197 0.6539341005360423 0.7890692356711775
3 0.6626254385249247 0.5925267194256345 0.6153218568980992 0.5888879823774171 0.6110875418128418 0.6439340784857632 0.6583911234396673 0.6475728155339806
3 0.49117337031900143 0.6917503467406381 0.45309292649098476 0.6848266296809986 0.446879334257975 0.7190013869625521 0.48495977808599167 0.7259251040221915
3 0.5160651699748505 0.23535200649167545 0.4554646900052371 0.21919187849977848 0.44261946006296005 0.26736149078331733 0.5032199400325735 0.2835216187752143