3 0.06385057471264369 0.28471016290415946 0.03425287356321841 0.2676755147606053 0.020804597701149456 0.3160506077896304 0.050402298850574734 0.3330852559331845
3 0.19731707317073174 0.216997134000117 0.1709756097560976 0.21278586886588294 0.16762195121951223 0.2562145405626719 0.19396341463414635 0.26042580569690593
3 0.41094871794871796 0.1456926766279285 0.3883333333333333 0.12709832134292576 0.36228205128205127 0.19269507470946326 0.3848974358974359 0.21128942999446604
3 0.39166666666666666 0.09832134292565954 0.37166666666666665 0.09832134292565954 0.37166666666666665 0.1582733812949641 0.39166666666666666 0.1582733812949641
3 0.7367191011235955 0.15556274081858124 0.7044194756554306 0.07951391695632262 0.6655205992509362 0.11371756527362388 0.6978202247191011 0.18976638913588248
3 0.5929680365296803 0.24240333760388966 0.5699885844748859 0.22737426497158444 0.5586872146118721 0.26314838540126806 0.5816666666666667 0.2781774580335733
3 0.6351724137931034 0.1852311254444721 0.6027011494252873 0.1665426279665923 0.5900574712643677 0.21202348466054752 0.6225287356321838 0.2307119821384273
3 0.4428828828828829 0.12139477607103515 0.4147747747747748 0.11465422256789172 0.40779279279279285 0.1749303260094628 0.43590090090090094 0.18167087951260624
3 0.49626666666666663 0.19261390887290172 0.47294666666666674 0.18651318944844134 0.4679333333333334 0.22618705035971232 0.4912533333333334 0.23228776978417273
3 0.6897366790582404 0.3010662102288431 0.6504770755885998 0.29369812700025866 0.6440086741016109 0.36505219616128676 0.6832682775712516 0.3724202793898712
3 0.6891865756541524 0.38045195243122915 0.6595961319681456 0.3754429903176436 0.6554095563139932 0.42664571414540736 0.685 0.43165467625899295
3 0.7301239970824216 0.5273155654907148 0.7161196207148066 0.42152711091520667 0.6769073668854849 0.43227387455462335 0.6909117432530998 0.5380623291301314
3 0.6797853881278539 0.5676817450149471 0.65124200913242 0.5633586281659605 0.6454794520547945 0.6421273939752309 0.6740228310502284 0.6464505108242175
3 0.5891666666666666 0.6462829736211032 0.56 0.6043165467625902 0.5366666666666666 0.6378896882494007 0.5658333333333333 0.679856115107914
3 0.5405666666666668 0.6100239808153476 0.5356333333333333 0.560335731414868 0.49969999999999987 0.5677218225419663 0.5046333333333333 0.617410071942446
3 0.5566666666666666 0.7218225419664268 0.5283333333333333 0.7218225419664268 0.5283333333333333 0.7673860911270983 0.5566666666666666 0.7673860911270983
3 0.523703407880724 0.9365734249660973 0.5216240681576143 0.8617770320484825 0.480556443024494 0.8641406363726908 0.4826357827476037 0.9389370292903055
3 0.63 0.8729016786570744 0.6016666666666667 0.8729016786570744 0.6016666666666667 0.9232613908872902 0.63 0.9232613908872902
3 0.6816666666666666 0.8249400479616307 0.645 0.8249400479616307 0.645 0.9064748201438849 0.6816666666666666 0.9064748201438849
3 0.6204901960784315 0.8181689942163917 0.6130392156862746 0.7752856538298774 0.5440196078431372 0.8001128508957541 0.5514705882352942 0.8429961912822683
3 0.2500000000000001 0.8129496402877698 0.22666666666666677 0.8129496402877698 0.22666666666666677 0.8800959232613909 0.2500000000000001 0.8800959232613909
3 0.31447154471544714 0.8581622506872552 0.2913821138211382 0.8166344972802246 0.2499186991869919 0.8643621688015442 0.2730081300813008 0.9058899222085746
3 0.32733333333333337 0.5582733812949642 0.30083333333333334 0.5455635491606715 0.2833333333333333 0.6211031175059952 0.30983333333333335 0.6338129496402879
3 0.4803059499661933 0.5559244288139468 0.43081473968897893 0.4622265676302771 0.3907116294793778 0.5060803284350207 0.44020283975659213 0.5997781896186903
3 0.5213315460232351 0.3355192521585949 0.5108847184986596 0.29686706398955903 0.4689008042895442 0.32035926218810473 0.47934763181411977 0.3590114503571406
3 0.6041666666666666 0.3465227817745806 0.5808333333333333 0.31294964028776995 0.54 0.3717026378896883 0.5633333333333335 0.40527577937649895
3 0.5829758149316508 0.4375401886692541 0.5570662460567823 0.3900929729402599 0.5148895899053627 0.43777470137454716 0.5407991587802313 0.4852219171035414
3 0.41666666666666674 0.3069544364508394 0.39547945205479457 0.2955224861206926 0.3847260273972603 0.3367826286915674 0.4059132420091325 0.3482145790217142
3 0.13000000000000006 0.5539568345323741 0.09000000000000005 0.5539568345323741 0.09000000000000005 0.6115107913669064 0.13000000000000006 0.6115107913669064
3 0.12099425287356326 0.4816753493756719 0.08318390804597704 0.47847515091375176 0.08052298850574716 0.5435623914661374 0.11833333333333339 0.5467625899280576
3 0.1666666666666667 0.5059952038369304 0.14333333333333337 0.5059952038369304 0.14333333333333337 0.5587529976019184 0.1666666666666667 0.5587529976019184
3 0.0633668903803132 0.4391225274813706 0.03316554809843403 0.4087039093557369 0.014060402684563773 0.44797450630099944 0.04426174496644296 0.47839312442663323
3 0.11733333333333335 0.3002398081534773 0.09133333333333332 0.2815347721822542 0.08033333333333334 0.31318944844124696 0.10633333333333335 0.33189448441247005
3 0.2755915813424346 0.9495993648766994 0.24967576791808882 0.9452124307380035 0.24540955631399328 0.9973891194211868 0.2713253697383391 1.0017760535598825
3 0.7986666666666665 0.06618705035971229 0.7849999999999999 0.007194244604316547 0.757 0.020623501199040755 0.7706666666666666 0.07961630695443649
3 0.3903333333333333 0.25803357314148684 0.37500000000000006 0.24700239808153487 0.359 0.2930455635491608 0.3743333333333333 0.3040767386091128