3 0.3838617886178862 0.3057753487233869 0.3798373983739837 0.26943470103597356 0.3553252032520325 0.2721673872257117 0.3593495934959349 0.30850803491312506
3 0.5216666666666666 0.31939799331103685 0.48512820512820515 0.3120658605608439 0.47974358974358977 0.3390789812194495 0.5162820512820513 0.34641111396964247
3 0.5166666666666666 0.4214046822742475 0.5011340206185566 0.38633934420577176 0.4757731958762885 0.39764851911871185 0.4913058419243985 0.4327138571871876
3 0.6066666666666666 0.3578595317725753 0.5797435897435896 0.3398507846668382 0.5643589743589743 0.3630048880885002 0.5912820512820512 0.38101363519423725
3 0.41333333333333344 0.5953177257525084 0.3800000000000001 0.5953177257525084 0.3800000000000001 0.6287625418060201 0.41333333333333344 0.6287625418060201
3 0.4553333333333334 0.5645484949832776 0.43 0.5518394648829433 0.41400000000000003 0.5839464882943145 0.43933333333333335 0.5966555183946488
3 0.6320000000000001 0.6314381270903011 0.5920000000000001 0.6113712374581941 0.5740000000000001 0.6474916387959867 0.6140000000000001 0.6675585284280937
3 0.7741025641025641 0.7118600463082069 0.7582051282051282 0.6879341394391563 0.7343589743589743 0.7038847440185233 0.7502564102564102 0.7278106508875739
3 0.9141119221411192 0.7914459390181384 0.8976642335766424 0.7460635207382272 0.8583211678832118 0.7604179381392965 0.8747688564476885 0.8058003564192077
3 0.9360588235294117 0.7009049773755658 0.9161568627450979 0.6695258705488887 0.8667647058823529 0.7010623647452294 0.8866666666666667 0.7324414715719065
3 0.62 0.4280936454849498 0.5733333333333334 0.4280936454849498 0.5733333333333334 0.46488294314381273 0.62 0.46488294314381273
3 0.9968358714043996 0.850466020406431 0.9546700507614213 0.8474441030168244 0.9511675126903553 0.8966436344498584 0.9933333333333335 0.8996655518394651
3 0.6166666666666667 0.4013377926421406 0.5966666666666667 0.4013377926421406 0.5966666666666667 0.4280936454849498 0.6166666666666667 0.4280936454849498
3 0.5626666666666668 0.8408026755852843 0.5386666666666667 0.8287625418060202 0.526 0.8541806020066891 0.55 0.8662207357859532
3 0.63 0.37792642140468236 0.6223287671232876 0.35740138360745877 0.5923744292237442 0.36867182846932706 0.6000456621004565 0.38919686626655065
3 0.6466666666666666 0.3712374581939801 0.6314871794871794 0.3445845124774891 0.6081538461538462 0.3579624388988938 0.6233333333333333 0.3846153846153847