3 0.7733333333333333 0.4266666666666667 0.7133333333333334 0.4266666666666667 0.7133333333333334 0.5 0.7733333333333333 0.5
3 0.5066666666666667 0.42666666666666675 0.4866666666666667 0.40666666666666673 0.4666666666666667 0.4266666666666667 0.48666666666666675 0.44666666666666677
3 0.59 0.4700000000000002 0.5499999999999999 0.43 0.5166666666666666 0.46333333333333343 0.5566666666666666 0.5033333333333335
3 0.6161538461538463 0.6141025641025641 0.6025641025641025 0.5461538461538462 0.5205128205128207 0.5625641025641026 0.5341025641025642 0.6305128205128205
3 0.68 0.6133333333333333 0.62 0.6133333333333333 0.62 0.6666666666666666 0.68 0.6666666666666666
3 0.7 0.6933333333333334 0.6333333333333333 0.6933333333333334 0.6333333333333333 0.7466666666666667 0.7 0.7466666666666667
3 0.6 0.72 0.5266666666666666 0.72 0.5266666666666666 0.7666666666666667 0.6 0.7666666666666667
3 0.48400000000000004 0.672 0.36400000000000005 0.6120000000000001 0.33333333333333337 0.6733333333333333 0.4533333333333333 0.7333333333333333
3 0.29171171171171184 0.6630630630630631 0.22792792792792801 0.6524324324324324 0.22090090090090095 0.6945945945945947 0.2846846846846848 0.7052252252252253
3 0.20666666666666672 0.56 0.17333333333333337 0.56 0.1733333333333334 0.5866666666666667 0.20666666666666675 0.5866666666666667
3 0.5091749174917493 0.8482508250825083 0.4207260726072608 0.8394059405940595 0.4163696369636965 0.8829702970297031 0.5048184818481849 0.8918151815181519
3 0.5866666666666669 0.8533333333333334 0.5266666666666668 0.8533333333333334 0.5266666666666668 0.9 0.5866666666666669 0.9
3 0.7466666666666667 0.62 0.7066666666666667 0.62 0.7066666666666667 0.6466666666666666 0.7466666666666667 0.6466666666666666
3 0.9933333333333333 0.46666666666666684 0.9066666666666666 0.46666666666666684 0.9066666666666666 0.5866666666666669 0.9933333333333333 0.5866666666666669