3 0.2413531353135314 0.3240259277726335 0.2125825082508251 0.2901559940166679 0.1940924092409241 0.32267255502528674 0.2228630363036304 0.35654248878125233
3 0.5150152905198776 0.21989747651420155 0.504006116207951 0.16709568125316257 0.41623853211009165 0.20498096935295793 0.4272477064220182 0.2577827646139969
3 0.8193089430894309 0.17921272737907232 0.7791463414634147 0.1069778323682517 0.7399186991869919 0.152131952974206 0.7800813008130082 0.22436684798502662
3 0.8789026217228466 0.10452402123245223 0.8743483146067418 0.03571794249993265 0.8395842696629214 0.04048177188586211 0.8441385767790264 0.10928785061838169
3 0.6670489296636087 0.28193958594592233 0.6338685015290519 0.26761709898136543 0.6261620795107035 0.3045783556640927 0.6593425076452601 0.31890084262864954
3 0.7068800000000001 0.21893525179856127 0.6727066666666667 0.20999520383693054 0.6671333333333334 0.2541007194244605 0.7013066666666667 0.2630407673860912
3 0.7919747126436782 0.44426362358389143 0.7676597701149426 0.3143173736872571 0.722951724137931 0.33163648391631534 0.7472666666666666 0.4615827338129497
3 0.8283333333333334 0.446043165467626 0.775 0.446043165467626 0.775 0.5563549160671464 0.8283333333333334 0.5563549160671464
3 0.7816666666666666 0.5707434052757795 0.7466666666666667 0.5707434052757795 0.7466666666666667 0.6546762589928058 0.7816666666666666 0.6546762589928059
3 0.6770501474926255 0.644001612868997 0.6352359882005901 0.6399906623373868 0.6324705014749263 0.6996774262006326 0.6742846607669617 0.7036883767322426
3 0.6324450084602369 0.6415781080719182 0.629906937394247 0.5904514966706839 0.5846615905245347 0.5951015837076532 0.5871996615905246 0.6462281951088876
3 0.4813872832369942 0.6244853827920321 0.4766666666666667 0.580335731414868 0.4410982658959537 0.5882092014249872 0.44581888246628126 0.6323588528021513
3 0.5183333333333333 0.5179856115107915 0.47833333333333333 0.5179856115107915 0.47833333333333333 0.5659472422062352 0.5183333333333333 0.5659472422062352
3 0.5929026217228465 0.35200603562094157 0.5484737827715356 0.3372537924716408 0.539681647940075 0.39207285856707896 0.5841104868913859 0.4068251017163798
3 0.6 0.24700239808153485 0.5333462407228137 0.23801133343083525 0.5312068409164246 0.2708462465264962 0.5978606001936109 0.2798373111771958
3 0.685 0.37889688249400494 0.6608333333333334 0.3441247002398083 0.6216666666666667 0.40047961630695467 0.6458333333333334 0.43525179856115126
3 0.6611986628462273 0.49925446462314393 0.648686723973257 0.4344444215401318 0.5945319961795608 0.4560889969972446 0.6070439350525311 0.5208990400802568
3 0.6522820512820513 0.7435159564655968 0.6227435897435899 0.7382032835270246 0.6192564102564103 0.7783434790629036 0.6487948717948718 0.7836561520014758
3 0.6378579234972677 0.9186146165035186 0.6198032786885246 0.8592365451900774 0.5686557377049181 0.8914337382552975 0.5867103825136611 0.9508118095687386
3 0.6846078431372549 0.808012413598533 0.6599019607843137 0.7991254055579068 0.6534313725490196 0.8363662011567219 0.6781372549019608 0.8452532091973483
3 0.7243258426966293 0.8075606930186191 0.7122471910112359 0.7797537251098 0.6780898876404493 0.8104707245439605 0.6901685393258428 0.8382776924527795
3 0.750958512160229 0.8940418480666112 0.7168311874105866 0.8638239622893963 0.6931402002861231 0.9192165580840052 0.7272675250357654 0.9494344438612202
3 0.7873483146067417 0.897588446097055 0.7829288389513109 0.8308193894322745 0.7528838951310862 0.8349365451459058 0.7573033707865169 0.9017056018106863
3 0.3266091954022988 0.8547093359794925 0.3075000000000001 0.8429256594724222 0.28862068965517257 0.9063094352104524 0.30772988505747134 0.9180931117175226
3 0.3728877887788779 0.9192487594083149 0.3694389438943894 0.8696250920056035 0.3369306930693069 0.8743025381674857 0.3403795379537954 0.9239262055701972
3 0.3966666666666668 0.6019184652278179 0.35207207207207214 0.591224317843023 0.34342342342342347 0.6658889104932272 0.3880180180180181 0.676583057878022
3 0.4483333333333334 0.3141486810551559 0.43051724137931036 0.30389481518233696 0.41994252873563215 0.3419333498718268 0.4377586206896552 0.3521872157446458
3 0.42469230769230765 0.4425013835085778 0.42166666666666663 0.407673860911271 0.3982820512820513 0.41187972698764064 0.40130769230769237 0.44670724958494745
3 0.4870000000000001 0.3755395683453238 0.4724 0.34752997601918467 0.44706666666666667 0.3748681055155875 0.4616666666666668 0.4028776978417266
3 0.18472072072072074 0.6326009462700111 0.13553153153153155 0.6108237734137015 0.12194594594594597 0.6743534901808282 0.17113513513513517 0.6961306630371378
3 0.16000000000000006 0.5491606714628298 0.12000000000000005 0.5491606714628298 0.12000000000000005 0.6115107913669064 0.16000000000000006 0.6115107913669064
3 0.08574712643678163 0.3659968576862648 0.05691954022988508 0.3625403125775242 0.05362068965517243 0.4194988836516993 0.08244827586206899 0.42295542876043984
3 0.145 0.4052757793764988 0.14295402298850574 0.3699495575953031 0.11702298850574712 0.3730587943438354 0.11906896551724136 0.40838501612503103
3 0.22157471264367823 0.5867195898453652 0.18764367816091956 0.582651120482924 0.18545977011494255 0.6203588853055487 0.2193908045977012 0.6244273546679898
3 0.09500000000000004 0.5011990407673861 0.05833333333333338 0.5011990407673861 0.05833333333333338 0.5563549160671463 0.09500000000000004 0.5563549160671463
3 0.021666666666666695 0.3237410071942446 2.949357707946542e-17 0.3237410071942446 3.1432601178115395e-17 0.36930455635491605 0.021666666666666695 0.36930455635491605
3 0.5544970414201184 0.5968243156953726 0.5418737672583827 0.5532331531224723 0.5087376725838264 0.5730989173158514 0.521360946745562 0.6166900798887517