3 0.46209134615384606 0.21855769230769242 0.4140624999999999 0.16875000000000015 0.3862980769230768 0.21634615384615402 0.434326923076923 0.2661538461538463
3 0.36875 0.27083333333333337 0.340625 0.2708333333333333 0.340625 0.30833333333333335 0.36875 0.3083333333333334
3 0.42980769230769234 0.3721153846153847 0.4076923076923077 0.3278846153846154 0.37019230769230765 0.3612179487179487 0.39230769230769236 0.405448717948718
3 0.5447976878612717 0.42008670520231217 0.5015895953757226 0.41122350674373803 0.4942557803468208 0.4747832369942197 0.53746387283237 0.4836464354527939
3 0.5695689655172413 0.5922701149425288 0.5654956896551724 0.5270977011494253 0.5204956896551722 0.5320977011494253 0.5245689655172412 0.5972701149425288
3 0.630779109589041 0.6455479452054795 0.6192208904109588 0.6044520547945206 0.5815496575342465 0.6232876712328766 0.5931078767123287 0.6643835616438357
3 0.3979299363057325 0.7564490445859872 0.3733479299363057 0.6450106157112526 0.3163316082802548 0.6673699575371549 0.3409136146496815 0.7788083864118894
3 0.415625 0.5958333333333333 0.37187500000000007 0.5958333333333333 0.37187500000000007 0.6541666666666667 0.415625 0.6541666666666667
3 0.4969739819004526 0.7069381598793364 0.46446549773755663 0.6675339366515838 0.42303450226244343 0.7282993966817498 0.4555429864253394 0.7677036199095023
3 0.4218750000000001 0.9666666666666667 0.3906250000000001 0.9666666666666667 0.3906250000000001 0.9958333333333333 0.42187500000000017 0.9958333333333333
3 0.7024375 0.4230833333333335 0.6735625 0.4175833333333335 0.66675 0.48116666666666674 0.6956249999999999 0.48666666666666675
3 0.8540441176470589 0.2284313725490197 0.8099264705882353 0.2137254901960786 0.8007352941176471 0.26274509803921586 0.8448529411764707 0.27745098039215693
3 0.7666385135135135 0.21227477477477483 0.7622466216216217 0.1771396396396396 0.7394425675675677 0.1822072072072072 0.7438344594594595 0.2173423423423424
3 0.9233173076923075 0.4487179487179488 0.9034855769230768 0.44342948717948727 0.8989182692307691 0.4738782051282053 0.9187499999999998 0.4791666666666668