3 0.4221043324491601 0.34482758620689663 0.3703271441202477 0.33881773399014786 0.36804597701149433 0.37694581280788186 0.41982316534040676 0.38295566502463063
3 0.6276454509957048 0.5037708484408993 0.5895613692568007 0.49998187092095736 0.5865807627228948 0.5581036983321249 0.6246648444617988 0.5618926758520668
3 0.4358974358974359 0.43571428571428583 0.3923076923076923 0.43571428571428583 0.3923076923076923 0.48214285714285715 0.4358974358974359 0.48214285714285715
3 0.6692307692307692 0.6250000000000001 0.6632270168855535 0.5859756097560976 0.6273295809881175 0.5966898954703833 0.6333333333333333 0.6357142857142858
3 0.7205128205128205 0.767857142857143 0.7143999999999999 0.7210285714285717 0.6861948717948717 0.7281714285714287 0.6923076923076923 0.7750000000000002
3 0.6355104015481374 0.7731132075471701 0.6303821964199323 0.7481132075471699 0.6076923076923076 0.7571428571428572 0.6128205128205129 0.7821428571428575
3 0.47692307692307695 0.6249999999999999 0.46847662141779794 0.5779411764705882 0.4358974358974359 0.5892857142857143 0.4443438914027149 0.636344537815126
3 0.500828402366864 0.5770879120879121 0.4965285996055227 0.5291758241758241 0.4684418145956607 0.534065934065934 0.4727416173570019 0.581978021978022
3 0.5319251786464901 0.33199648711943797 0.5302858343841952 0.30687939110070256 0.5 0.3107142857142857 0.5016393442622951 0.33583138173302113
3 0.5205128205128206 0.6035714285714285 0.49743589743589745 0.6035714285714285 0.49743589743589745 0.6392857142857142 0.5205128205128206 0.6392857142857142
3 0.20169327527818093 0.3600404312668464 0.19501693275278179 0.3274932614555256 0.17435897435897435 0.3357142857142857 0.1810353168843735 0.3682614555256065
3 0.34102564102564104 0.3428571428571429 0.26666666666666666 0.34285714285714286 0.26666666666666666 0.3678571428571429 0.34102564102564104 0.3678571428571429
3 0.5282051282051282 0.45714285714285713 0.5 0.45714285714285713 0.5 0.49642857142857144 0.5282051282051282 0.49642857142857144
3 0.7025641025641025 0.4178571428571428 0.7006086002194951 0.3742773763201779 0.6563903023046992 0.3781267370761534 0.6583458046493066 0.42170650361311834