3 0.30543933054393313 0.3012552301255231 0.26290918040856515 0.29180408565099686 0.25454097957174504 0.3294609894166872 0.297071129707113 0.3389121338912134
3 0.4624116880444475 0.2858563687495714 0.3967693257425064 0.2798888812675767 0.39152205226695935 0.3376088894985939 0.45716441456890045 0.3435763769805886
3 0.7196652719665272 0.284518828451883 0.5983263598326359 0.284518828451883 0.5983263598326359 0.35146443514644365 0.7196652719665272 0.35146443514644365
3 0.812227997278163 0.16591912669571893 0.8102705911308654 0.091537693098406 0.5639096002663926 0.09802087706852364 0.5658670064136901 0.17240231066583656
3 0.3891213389121339 0.18828451882845187 0.3812054732556825 0.1407893248897433 0.2930001130837951 0.15549021825172452 0.3009159787402465 0.2029854121904331
3 0.15626005793369813 0.2164467331831349 0.1504666881235919 0.1874798841326038 0.10299324106855488 0.19697457354361123 0.1087866108786611 0.22594142259414232
3 0.17511628400909032 0.3344731644117835 0.17071979270649704 0.2729222861754773 0.10322196971305993 0.2777435592464371 0.10761846101565323 0.3392944374827433
3 0.18828451882845193 0.4476987447698745 0.1338912133891214 0.4476987447698745 0.1338912133891214 0.5188284518828452 0.18828451882845193 0.5188284518828452
3 0.35146443514644365 0.5606694560669456 0.17573221757322183 0.5606694560669456 0.17573221757322183 0.6736401673640168 0.35146443514644365 0.6736401673640168
3 0.5006437077566785 0.5910846475700033 0.4871258448664307 0.5234953331187642 0.3688445445767622 0.5471515931766978 0.38236240746701006 0.614740907627937
3 0.6794486832389859 0.5060792517843957 0.6395766674870783 0.45956190007383696 0.594093034703421 0.49854787103125764 0.6339650504553285 0.5450652227418163
3 0.9019311232700352 0.5539427100096558 0.8820405535886705 0.48101062117798526 0.7563566140971997 0.5152880592211136 0.7762471837785643 0.5882201480527841
3 0.5941422594142259 0.5983263598326359 0.5313807531380754 0.5983263598326359 0.5313807531380754 0.698744769874477 0.5941422594142259 0.698744769874477
3 0.9456066945606695 0.5815899581589958 0.9070313297275233 0.5773038065108685 0.9037146647617106 0.6071537912031841 0.9422900295948566 0.6114399428513115
3 0.9079497907949791 0.35564853556485365 0.8661087866108786 0.35564853556485365 0.8661087866108786 0.4393305439330545 0.9079497907949791 0.4393305439330545
3 0.7753859471937672 0.2225652863944598 0.6261434136488242 0.21012840859904786 0.618554321165777 0.30119751839561404 0.7677968547107201 0.31363439619102595
3 0.9725651754103638 0.23839073060830382 0.9699645960733827 0.1915803025426456 0.8865400708078532 0.19621499839073062 0.8891406501448342 0.24302542645638878
3 0.5313807531380753 0.11715481171548123 0.42677824267782427 0.11715481171548123 0.42677824267782427 0.20920502092050214 0.5313807531380753 0.20920502092050214