3 0.372702205882353 0.5490196078431372 0.3643198529411765 0.492350179508423 0.3265992647058823 0.5049433858050262 0.3349816176470588 0.5616128141397404
3 0.35032313997477943 0.647268647614988 0.29598045397225736 0.638521333972731 0.2877581179066836 0.7538141839688829 0.34210080390920566 0.7625614976111399
3 0.3703125000000001 0.5845070422535212 0.33281250000000007 0.5845070422535211 0.33281250000000007 0.636150234741784 0.3703125000000001 0.636150234741784
3 0.41775404157043877 0.8824014138719924 0.40604431293302545 0.7803673464962213 0.3588481524249422 0.7925923516464453 0.37055788106235565 0.8946264190222164
3 0.5640625 0.823943661971831 0.5140625 0.823943661971831 0.5140625 0.8755868544600939 0.5640625 0.8755868544600939
3 0.5660910675965666 0.5998760805174396 0.5196184281115881 0.5832527352958957 0.5111688572961374 0.6365683370609927 0.5576414967811159 0.6531916822825365
3 0.49090318991097925 0.4170184310611444 0.47809254451038574 0.382803248770566 0.4388492210682493 0.4159666206934983 0.4516598664688427 0.45018180298407656
3 0.6173897058823529 0.49784589892294956 0.6086029411764705 0.4384424192212096 0.5553308823529411 0.45622756144711396 0.5641176470588235 0.5156310411488539
3 0.72890625 0.43779342723004716 0.71015625 0.4096244131455401 0.6953125 0.4319248826291081 0.7140625 0.46009389671361517
3 0.740625 0.5985915492957747 0.6796875 0.5985915492957747 0.6796875 0.6690140845070424 0.740625 0.6690140845070425
3 0.7017533936651584 0.6985108236143864 0.6746889140271493 0.6615469589786076 0.644358031674208 0.7116712340407452 0.6714225113122172 0.7486350986765239
3 0.6177115384615385 0.7866594438425424 0.6042692307692308 0.7294402311303719 0.5638124999999999 0.7508920187793428 0.5772548076923076 0.8081112314915132
3 0.603125 0.9178403755868545 0.5578125 0.9178403755868545 0.5578125 0.9671361502347418 0.603125 0.9671361502347418
3 0.9261130136986303 0.7201106180461767 0.8993578767123289 0.6316804939224389 0.8515625 0.6643192488262911 0.8783176369863014 0.752749372950029
3 0.8031709558823529 0.4803231151615578 0.7746783088235294 0.4546396023198014 0.76640625 0.4753521126760566 0.7948988970588234 0.501035625517813
3 0.7581460674157303 0.3738460726908268 0.7205056179775281 0.3385029276784303 0.7092696629213483 0.36551142058342584 0.7469101123595505 0.4008545655958223
3 0.9984375 0.9530516431924886 0.940625 0.9530516431924886 0.940625 0.9976525821596247 0.9984375 0.9976525821596247
3 0.5266393442622951 0.5411760178557687 0.47607581967213114 0.4778727006849844 0.4491803278688525 0.5263603478796277 0.4997438524590164 0.589663665050412
3 0.784375 0.6690140845070425 0.746875 0.6690140845070425 0.746875 0.7206572769953055 0.784375 0.7206572769953055