3 0.32635983263598334 0.45188284518828453 0.2803347280334728 0.45188284518828453 0.28033472803347287 0.5397489539748954 0.3263598326359834 0.5397489539748954
3 0.4084016736401674 0.5717824267782425 0.34728033472803355 0.5606694560669456 0.33857740585774065 0.6085355648535564 0.3996987447698745 0.6196485355648536
3 0.4445765987723808 0.42446318204022687 0.39908247138032843 0.42121360151222315 0.39311428753477906 0.504768175349914 0.4386084149268314 0.5080177558779178
3 0.5481171548117155 0.5104602510460252 0.4393305439330545 0.5104602510460252 0.4393305439330545 0.5648535564853556 0.5481171548117155 0.5648535564853556
3 0.6150627615062763 0.4100418410041842 0.5061705581880339 0.3969747766059951 0.5013990998244527 0.4367369296358382 0.6102913031426952 0.4498039940340274
3 0.5622139226643453 0.3755581140658786 0.5528628794473619 0.3225688691696386 0.4688438965488192 0.3373957485046756 0.47819493976580274 0.3903849934009155
3 0.4225941422594143 0.28033472803347287 0.3686836176375926 0.2695526231091085 0.35613131638236245 0.3323141293852591 0.41004184100418417 0.3430962343096235
3 0.25104602510460255 0.41841004184100417 0.1464435146443515 0.41841004184100417 0.1464435146443515 0.497907949790795 0.25104602510460255 0.497907949790795
3 0.2635983263598327 0.3723849372384937 0.18828451882845193 0.3723849372384937 0.18828451882845193 0.4309623430962343 0.2635983263598327 0.4309623430962343
3 0.28870292887029286 0.30962343096234307 0.22175732217573227 0.30962343096234307 0.22175732217573227 0.3682008368200837 0.28870292887029286 0.3682008368200837
3 0.8744769874476988 0.2677824267782428 0.8075313807531381 0.2677824267782428 0.8075313807531381 0.3389121338912135 0.8744769874476988 0.3389121338912135
3 0.1419375603476022 0.4335371741229482 0.12504023173479242 0.3490505310588993 0.031702607016414565 0.36771805600257484 0.04859993562922432 0.45220469906662375
3 0.13807531380753144 0.4895397489539749 0.05857740585774065 0.4895397489539749 0.058577405857740655 0.5774058577405857 0.13807531380753144 0.5774058577405857
3 0.11917472226229979 0.6853267926706104 0.11424036935507141 0.6261145577838697 0.04533256384360121 0.6318568749098256 0.0502669167508296 0.6910691097965662
3 0.47948211889160813 0.6547564537775321 0.4004105155127497 0.6399305281439962 0.390842346254046 0.6909607641904161 0.46991394963290445 0.7057866898239521
3 0.8199606202313562 0.4409303470342112 0.6987447698744769 0.3682008368200837 0.6481663795225202 0.45249815407334487 0.7693822298793994 0.5252276642874725
3 0.6848168739611394 0.5318966011348658 0.6192468619246864 0.5020920502092052 0.5980397776121971 0.5487476356966815 0.6636097896486503 0.5785521866223422
3 0.7907949790794979 0.5815899581589958 0.7447698744769874 0.5815899581589958 0.7447698744769874 0.6527196652719666 0.7907949790794979 0.6527196652719666
3 0.6694560669456067 0.6694560669456067 0.6276150627615062 0.6694560669456067 0.6276150627615062 0.7280334728033473 0.6694560669456067 0.7280334728033473
3 0.4058577405857742 0.7071129707112971 0.33054393305439345 0.7071129707112971 0.33054393305439345 0.8493723849372385 0.4058577405857742 0.8493723849372385
3 0.28033472803347287 0.8744769874476988 0.26745334022848016 0.7392224154952755 0.2092050209205021 0.7447698744769877 0.22208640872549484 0.880024446429411
3 0.11528805922111372 0.8785323463147732 0.008368200836820173 0.8493723849372385 -0.010556807209526778 0.9187640811071774 0.09636305117476678 0.9479240424847121
3 0.6234309623430961 0.36401673640167365 0.5878017380109429 0.3363051174766656 0.5585130350820727 0.37396202124235595 0.5941422594142259 0.401673640167364
3 0.7002245127053781 0.33549341769568325 0.691703235023982 0.2588019185631187 0.6209817328298806 0.2666598632513522 0.6295030105112767 0.3433513623839167
3 0.9543493479641177 0.5588623154193055 0.9163179916317992 0.5564853556485355 0.911759438646761 0.6294222034091466 0.9497907949790796 0.6317991631799165