3 0.48666666666666675 0.3921568627450982 0.44575936883629186 0.3673860076575009 0.42242603550295854 0.45071934099083427 0.46333333333333343 0.4754901960784315
3 0.6191764705882353 0.6146482122260668 0.6133725490196078 0.5762399077277969 0.5629019607843136 0.5927335640138408 0.5687058823529411 0.6311418685121107
3 0.6166666666666667 0.8627450980392158 0.5808868501529052 0.8344126641482282 0.5570183486238532 0.8995997481561433 0.5927981651376147 0.927932182047131
3 0.6466666666666666 0.8333333333333334 0.62 0.8333333333333334 0.62 0.8774509803921569 0.6466666666666666 0.8774509803921569
3 0.7066666666666668 0.803921568627451 0.6933333333333335 0.7745098039215687 0.6633333333333333 0.803921568627451 0.6766666666666666 0.8333333333333334
3 0.5866666666666667 0.7843137254901961 0.5839487179487179 0.7523378582202112 0.5560512820512821 0.7574660633484163 0.5587692307692308 0.7894419306184013
3 0.3666666666666667 0.7745098039215687 0.3433333333333335 0.7598039215686274 0.3355747126436783 0.7864266396213658 0.35890804597701154 0.8011325219743071
3 0.21666666666666667 0.4852941176470588 0.19000000000000006 0.4852941176470588 0.19000000000000006 0.5147058823529411 0.21666666666666667 0.5147058823529411
3 0.4433333333333334 0.6372549019607843 0.41020000000000006 0.6302941176470589 0.4054666666666667 0.6790196078431373 0.43860000000000005 0.6859803921568627
3 0.2966666666666667 0.5637254901960784 0.25333333333333335 0.5637254901960784 0.25333333333333335 0.6176470588235294 0.29666666666666675 0.6176470588235294
3 0.4090710382513661 0.8967373834779814 0.40579234972677597 0.8436997749919639 0.3658196721311476 0.8490437158469945 0.3690983606557377 0.902081324333012