3 0.5914893617021276 0.26808510638297883 0.5541255838090295 0.2639335755059679 0.5481577581733263 0.31764400622729644 0.5855215360664244 0.3217955371043073
3 0.4978723404255319 0.2978723404255319 0.4879034185990916 0.25467367917762374 0.43258426966292135 0.2674396366244322 0.4425531914893617 0.31063829787234043
3 0.2839571362012735 0.24252213076564685 0.25252368380183265 0.23109178443857747 0.2323963348346017 0.28644199409846255 0.26382978723404255 0.2978723404255319
3 0.3574468085106383 0.2382978723404256 0.3191489361702128 0.2382978723404256 0.3191489361702128 0.31063829787234043 0.3574468085106383 0.31063829787234043
3 0.6571194762684124 0.37823240589198037 0.6243862520458265 0.3716857610474632 0.6108019639934534 0.439607201309329 0.6435351882160393 0.44615384615384623
3 0.6732765957446808 0.308340425531915 0.6297872340425532 0.30212765957446813 0.6202553191489362 0.36885106382978733 0.6637446808510638 0.3750638297872341
3 0.5319148936170214 0.46382978723404267 0.4889465490399586 0.4590555267254801 0.47924234561494566 0.5463933575505969 0.5222106901920084 0.5511676180591595
3 0.8061754021795537 0.5108977685521536 0.7998443175921122 0.45391800726517906 0.726517903476907 0.4620653866113129 0.7328489880643487 0.5190451478982875
3 0.6085106382978723 0.5872340425531914 0.5659574468085107 0.5872340425531914 0.5659574468085107 0.6425531914893617 0.6085106382978723 0.6425531914893617
3 0.8042553191489362 0.8170212765957446 0.723404255319149 0.8170212765957446 0.723404255319149 0.8765957446808511 0.8042553191489362 0.8765957446808511
3 0.8824597820446289 0.7634146341463414 0.8762843798650752 0.707836014530358 0.7968863518422419 0.7166580176440063 0.8030617540217956 0.7722366372599896
3 0.9675675675675675 0.6328924669350202 0.9445658424381829 0.6006900517538817 0.8761357101782634 0.6495687176538241 0.899137435307648 0.6817711328349625
3 0.3838987924094308 0.19873490511788391 0.3659574468085107 0.1957446808510639 0.35652673950546293 0.2523289246693503 0.374468085106383 0.25531914893617036
3 0.46553191489361706 0.13276595744680852 0.4382978723404256 0.11914893617021281 0.4187234042553192 0.15829787234042558 0.4459574468085106 0.1719148936170213
3 0.26382978723404255 0.16170212765957448 0.24959083469721768 0.10949263502454995 0.21178396072013092 0.11980360065466451 0.2260229132569558 0.17201309328968906
3 0.33191489361702126 0.09361702127659577 0.2936170212765957 0.09361702127659577 0.2936170212765957 0.14042553191489368 0.33191489361702126 0.14042553191489368
3 0.22127659574468084 0.14042553191489363 0.1829787234042553 0.14042553191489363 0.1829787234042553 0.2127659574468085 0.22127659574468084 0.2127659574468085
3 0.4851063829787234 0.05531914893617027 0.451063829787234 0.05531914893617027 0.451063829787234 0.10212765957446815 0.4851063829787234 0.10212765957446815
3 0.7319148936170211 0.09361702127659577 0.7238399535255244 0.02498003049887445 0.6312540846706847 0.03587248565826737 0.6393290247621813 0.1045094764359887
3 0.7829787234042553 0.2510638297872342 0.7498135556042993 0.23632375520947593 0.7319148936170214 0.2765957446808512 0.7650800614169775 0.2913358192586094
3 0.8667443893908482 0.3681142524045469 0.8126493733605364 0.34782862139317994 0.7921888662197611 0.40238997376858066 0.8462838822500729 0.42267560477994764
3 0.8212765957446808 0.5489361702127661 0.7951439299123906 0.5431289111389237 0.7866332916145182 0.5814267834793494 0.8127659574468085 0.5872340425531916
3 0.4236333878887071 0.42369885433715226 0.37911620294599024 0.4181342062193127 0.3682487725040917 0.5050736497545009 0.4127659574468085 0.5106382978723405
3 0.6474631751227496 0.22651391162029466 0.6196399345335516 0.22094926350245503 0.6085106382978723 0.27659574468085113 0.6363338788870704 0.2821603927986907
3 0.8084757586327171 0.07272410184862234 0.7574468085106384 0.06808510638297884 0.7532263690268575 0.11450994070456934 0.8042553191489362 0.11914893617021285