3 0.4766590761223163 0.410946649316851 0.45592062459336374 0.3625569290826285 0.39956083279115157 0.3867111255692908 0.42029928432010405 0.4351008458035133
3 0.6179245283018868 0.20754716981132082 0.5754716981132075 0.20754716981132082 0.5754716981132075 0.24528301886792458 0.6179245283018868 0.24528301886792458
3 0.419811320754717 0.22641509433962265 0.4086015538290788 0.1759711431742508 0.37264150943396224 0.18396226415094338 0.3838512763596004 0.23440621531631525
3 0.12924528301886792 0.18773584905660376 0.07547169811320756 0.16981132075471697 0.06415094339622643 0.2037735849056604 0.11792452830188678 0.22169811320754718
3 0.7028301886792453 0.24528301886792464 0.68195815817773 0.20950239515104127 0.6253543845928243 0.24252126307556957 0.6462264150943396 0.27830188679245293
3 0.7028301886792452 0.20283018867924535 0.6960377358490565 0.1654716981132076 0.6441509433962265 0.17490566037735855 0.6509433962264151 0.2122641509433963
3 0.7028301886792453 0.3254716981132077 0.6462264150943396 0.3254716981132077 0.6462264150943396 0.36792452830188693 0.7028301886792453 0.36792452830188693
3 0.7028301886792453 0.44811320754716993 0.6820754716981132 0.4066037735849056 0.6254716981132076 0.4349056603773585 0.6462264150943396 0.47641509433962276
3 0.42452830188679247 0.9669811320754719 0.41124818577648764 0.9182873730043541 0.3421988388969521 0.9371190130624093 0.3554789550072569 0.985812772133527
3 0.48113207547169823 0.8443396226415094 0.4321864594894562 0.8334628190899 0.42275249722530533 0.8759156492785793 0.4716981132075473 0.8867924528301887
3 0.8886500250459175 0.9288069794623477 0.8841835030889964 0.8618091501085322 0.7896351644681916 0.8681123726832526 0.7941016864251127 0.935110202037068