3 0.3858173076923077 0.38118454315637423 0.36274038461538466 0.3291802094618997 0.31586538461538466 0.3761285662694114 0.33894230769230776 0.4281328999638859
3 0.5645266089108911 0.3074420118068144 0.5600866336633664 0.24073815832287457 0.4895420792079208 0.2513364012457584 0.4939820544554455 0.31804025472969827
3 0.48148897058823537 0.1624136978735156 0.4721875 0.09953051643192486 0.41312499999999996 0.11924882629107977 0.42242647058823535 0.18213200773267052
3 0.7373937499999996 0.22329577464788752 0.7098312499999997 0.16348356807511752 0.6728624999999998 0.20193427230046956 0.7004249999999999 0.26174647887323954
3 0.8011824324324325 0.3299073721608934 0.7525337837837837 0.22941251110265198 0.7005996621621622 0.2861565791143256 0.7492483108108108 0.38665144017256703
3 0.7349036815068494 0.5496141230947328 0.7316181506849315 0.41634188693806673 0.6793172089041095 0.41925204193195703 0.6826027397260274 0.5525242780886231
3 0.5171875 0.4413145539906105 0.471875 0.4413145539906105 0.471875 0.5093896713615025 0.5171875 0.5093896713615025
3 0.4326724137931035 0.4086287841994496 0.3791379310344828 0.40192650153796344 0.3754741379310345 0.4679779828395661 0.4290086206896552 0.47468026550105225
3 0.33972182080924856 0.48648538630627697 0.3332008670520231 0.4228065890526202 0.2851788294797687 0.433905940459714 0.2916997832369942 0.49758473771337075
3 0.22179599719101123 0.45826080075961384 0.1686183286516854 0.43982433929419207 0.15289676966292137 0.542174394682703 0.2060744382022472 0.5606108561481248
3 0.2956730769230769 0.08956301914048398 0.28125 0.051643192488262914 0.24709134615384612 0.08096785843264714 0.261514423076923 0.11888768508486822
3 0.1941875 0.887230046948357 0.18793749999999998 0.8215023474178405 0.15096874999999996 0.82943661971831 0.15721875 0.8951643192488264
3 0.1360014457295374 0.7977252602208744 0.11072064056939505 0.7778306851786878 0.07784419483985765 0.8721242043005364 0.103125 0.892018779342723
3 0.5265625 0.8356807511737089 0.459375 0.8356807511737089 0.459375 0.9366197183098591 0.5265625 0.9366197183098591
3 0.5757169117647059 0.012758906379453261 0.5295588235294117 -0.0026512013256005866 0.5222058823529412 0.04705882352941186 0.5683639705882353 0.06246893123446571
3 0.7196032423208191 0.07830601355573728 0.6654810153583617 0.06874008556458215 0.6588577218430033 0.1533192328029612 0.7129799488054607 0.16288516079411633
3 0.5828125 0.12910798122065736 0.5328125 0.12910798122065736 0.5328125 0.20422535211267615 0.5828125 0.2042253521126762
3 0.6162517382571076 0.5444747181067453 0.5602595797280594 0.48584585386235857 0.5111953414709518 0.591605877539651 0.5671875 0.6502347417840377
3 0.5640625 0.6478873239436621 0.523798076923077 0.6357890935355724 0.5131610576923078 0.7156915854098953 0.5534254807692307 0.7277898158179849
3 0.614809534671533 0.7574877488776947 0.5702440693430658 0.726243103389192 0.5541970802919709 0.7779034303142458 0.5987625456204381 0.8091480758027487
3 0.6468131188118812 0.7286292009482638 0.6337252475247525 0.7045972202854088 0.6092202970297029 0.7347185422767628 0.6223081683168317 0.7587505229396179
3 0.6746539429530202 0.8538614235750073 0.6370071308724833 0.8142704099316258 0.6080851510067113 0.8763430696033023 0.6457319630872483 0.9159340832466839
3 0.7632527372262774 0.7977108392447144 0.7080805200729927 0.7590298481888904 0.6805371806569344 0.8477005585826398 0.735709397810219 0.8863815496384637