5 0.49015748031496076 0.6237373737373739 0.45669291338582685 0.5808080808080809 0.42716535433070874 0.6186868686868688 0.46062992125984265 0.6616161616161618
5 0.5507086614173228 0.5143434343434344 0.5166929133858268 0.4561616161616162 0.4788976377952756 0.4925252525252526 0.5129133858267717 0.5507070707070708
5 0.6259842519685039 0.46969696969696983 0.5826771653543307 0.46969696969696983 0.5826771653543307 0.5303030303030305 0.6259842519685039 0.5303030303030305
5 0.6496062992125984 0.37373737373737387 0.5984251968503937 0.37373737373737387 0.5984251968503937 0.4444444444444446 0.6496062992125984 0.4444444444444446
5 0.6614173228346457 0.15151515151515163 0.6259842519685039 0.15151515151515163 0.6259842519685039 0.22727272727272735 0.6614173228346457 0.22727272727272735
5 0.7586845761926818 0.3122400475341652 0.7468735525706346 0.25163398692810457 0.7033348772579898 0.2655971479500891 0.715145900880037 0.32620320855614976
5 0.8047529126732461 0.3629279217514513 0.7511312217194569 0.338360985419809 0.7259236826165959 0.428904428904429 0.7795453735703851 0.45347136523607123
5 0.7281889763779527 0.4733333333333335 0.6859842519685039 0.43272727272727285 0.6477165354330708 0.49818181818181834 0.6899212598425196 0.5387878787878789
5 0.7276516905974989 0.6125965537730245 0.7160722556739232 0.5531788472964944 0.6808707735062529 0.5644682115270351 0.6924502084298286 0.6238859180035652
5 0.7145189168427117 0.7556048287755606 0.660361052429422 0.6687607785168762 0.6195506049548685 0.7106430155210645 0.6737084693681583 0.7974870657797488
5 0.7440944881889764 0.8080808080808081 0.6929133858267716 0.8080808080808081 0.6929133858267716 0.8686868686868687 0.7440944881889764 0.8686868686868687
5 0.7826003456884961 0.7675535846267555 0.7449587094296138 0.7071938901207195 0.7003072786633378 0.7530179847253019 0.73794891492222 0.8133776792313379
5 0.7981153995094877 0.6467958271236961 0.7651994320382085 0.5961251862891207 0.7318962178907966 0.6317271071369431 0.7648121853620758 0.6823977479715185
5 0.8937007874015748 0.3383838383838385 0.8543307086614174 0.3383838383838385 0.8543307086614174 0.3989898989898991 0.8937007874015748 0.3989898989898991
5 0.9212598425196851 0.15151515151515166 0.8779527559055118 0.15151515151515166 0.8779527559055118 0.20202020202020216 0.9212598425196851 0.20202020202020216
5 0.44881889763779526 0.17676767676767685 0.4094488188976378 0.17676767676767685 0.4094488188976378 0.24747474747474754 0.44881889763779526 0.24747474747474754
5 0.4881889763779528 0.14646464646464655 0.4409448818897638 0.14646464646464655 0.4409448818897638 0.21212121212121218 0.4881889763779528 0.21212121212121218
5 0.41338582677165353 0.3080808080808082 0.38188976377952755 0.3080808080808082 0.38188976377952755 0.3686868686868687 0.41338582677165353 0.3686868686868687
5 0.4409448818897638 0.37373737373737376 0.40551181102362205 0.37373737373737376 0.40551181102362205 0.43434343434343436 0.4409448818897638 0.43434343434343436
5 0.3425196850393701 0.5 0.3110236220472441 0.5 0.3110236220472441 0.5555555555555556 0.3425196850393701 0.5555555555555556
5 0.39763779527559057 0.46464646464646464 0.3661417322834646 0.46464646464646464 0.3661417322834646 0.5303030303030303 0.39763779527559057 0.5303030303030303
5 0.4330708661417324 0.7525252525252525 0.36220472440944895 0.7525252525252525 0.36220472440944895 0.8181818181818182 0.4330708661417324 0.8181818181818182
5 0.452755905511811 0.7525252525252527 0.40456149877817 0.7277951933124348 0.3874558783600326 0.7826541274817137 0.43565028509367365 0.8073841866945315
5 0.6299212598425197 0.8939393939393939 0.5551181102362205 0.8939393939393939 0.5551181102362205 0.9545454545454546 0.6299212598425197 0.9545454545454546
5 0.7267716535433072 0.9656565656565655 0.6881889763779528 0.8666666666666666 0.6251968503937009 0.907070707070707 0.6637795275590551 1.006060606060606
5 0.6794812413154238 0.7896613190730839 0.5984251968503936 0.7272727272727273 0.5723480991555785 0.7830267913677024 0.6534041436206086 0.8454153831680589
5 0.6614173228346457 0.8282828282828283 0.5984251968503937 0.8282828282828283 0.5984251968503937 0.8888888888888888 0.6614173228346457 0.8888888888888888
5 0.8228346456692913 0.6515151515151515 0.7795275590551181 0.6515151515151515 0.7795275590551181 0.7171717171717171 0.8228346456692913 0.7171717171717171
5 0.5866141732283464 0.5505050505050506 0.5511811023622047 0.5505050505050506 0.5511811023622047 0.5959595959595961 0.5866141732283464 0.5959595959595961
5 0.9622047244094488 0.35959595959595975 0.930708661417323 0.33939393939393964 0.9023622047244095 0.4121212121212124 0.9338582677165354 0.43232323232323244
5 0.984251968503937 0.30808080808080823 0.9566929133858267 0.30808080808080823 0.9566929133858267 0.37878787878787895 0.984251968503937 0.37878787878787895
5 0.889763779527559 0.6868686868686869 0.8503937007874016 0.6868686868686869 0.8503937007874016 0.7525252525252525 0.889763779527559 0.7525252525252525
5 0.9826771653543309 0.5010101010101012 0.9545729860690492 0.4965034965034966 0.9455481526347669 0.5891219891219892 0.9736523319200486 0.5936285936285938
5 0.8818897637795275 0.4595959595959597 0.8464566929133859 0.4595959595959597 0.8464566929133859 0.5000000000000001 0.8818897637795275 0.5000000000000001
5 0.7795275590551181 1.190628832504371e-16 0.7322834645669292 1.1535183234393e-16 0.7322834645669292 0.03535353535353547 0.7795275590551181 0.03535353535353548
5 0.5337674136886736 0.09032634032634038 0.5175651120533011 -0.013597513597513586 0.46305269533615995 0.00038850038850038714 0.47925499697153245 0.10431235431235435