5 0.16929133858267723 0.40404040404040403 0.14566929133858272 0.40404040404040403 0.14566929133858272 0.4696969696969697 0.16929133858267723 0.4696969696969697
5 0.5433070866141733 8.009684873211226e-17 0.47244094488188976 7.453027237235156e-17 0.47244094488188976 0.02525252525252533 0.5433070866141733 0.02525252525252534
5 0.30990937453573014 0.42681532304173825 0.3005496954390135 0.38479130931961125 0.2568711929876689 0.40080045740423104 0.2662308720843856 0.44282447112635803
5 0.3383111593809395 0.11529083942877048 0.3244637523757806 0.07088122605363982 0.2884876459408091 0.08934169278996863 0.30233505294596796 0.1337513061650993
5 0.4564213956014119 0.6102403343782654 0.43877273961444474 0.5536398467432951 0.3932935107249525 0.5769766631835598 0.41094216671191963 0.6335771508185302
5 0.8149606299212598 0.6010101010101011 0.7795275590551181 0.6010101010101011 0.7795275590551181 0.6868686868686869 0.8149606299212598 0.6868686868686869
5 0.45275590551181105 0.33838383838383845 0.395105070464918 0.2980441356237535 0.3633582426400522 0.3727079714340861 0.42100907768694523 0.41304767419417104
5 0.6692913385826772 9.896135750685682e-17 0.5826771653543307 9.215776417826042e-17 0.5826771653543307 0.06565656565656575 0.6692913385826772 0.06565656565656576
5 0.7874015748031497 0.702020202020202 0.31496062992125995 0.702020202020202 0.31496062992125995 0.9949494949494949 0.7874015748031497 0.9949494949494949
5 0.7165354330708661 0.6818181818181818 0.65748031496063 0.6818181818181818 0.65748031496063 0.7626262626262627 0.7165354330708661 0.7626262626262627
5 0.6350866141732282 0.24856565656565666 0.6231811023622046 0.1645656565656566 0.5573543307086614 0.17991919191919192 0.569259842519685 0.26391919191919194
5 0.49606299212598426 0.2424242424242425 0.4409448818897638 0.2424242424242425 0.4409448818897638 0.33838383838383845 0.49606299212598426 0.3383838383838385
5 0.34645669291338593 0.9292929292929293 0.2283464566929135 0.9292929292929293 0.2283464566929135 0.9949494949494949 0.34645669291338593 0.9949494949494949
5 0.8523622047244095 0.4823232323232325 0.812992125984252 0.43181818181818193 0.7421259842519685 0.5227272727272729 0.781496062992126 0.5732323232323234
5 0.8543307086614175 0.3686868686868687 0.8023622047244094 0.23535353535353531 0.7535433070866141 0.2666666666666667 0.805511811023622 0.4000000000000001
5 0.5949121744397333 0.45928515928515934 0.5515445184736522 0.36192696192696194 0.4179890975166565 0.4598290598290598 0.4613567534827377 0.5571872571872571
5 0.3336885360966832 0.2887055318173634 0.16929133858267717 0.11111111111111119 0.09996937173777104 0.21671332449290318 0.26436656925177715 0.39430774519915535
5 0.8543307086614174 1.2648498506345139e-16 0.7480314960629921 1.1813512052381032e-16 0.7480314960629921 0.21212121212121227 0.8543307086614174 0.21212121212121227
5 0.38582677165354334 0.5707070707070707 0.19685039370078747 0.5707070707070707 0.19685039370078747 0.6818181818181818 0.3858267716535434 0.6818181818181818
5 0.6962736345854857 0.6368783375152802 0.6567154822207735 0.4643408608376761 0.519446812778976 0.5161326642218362 0.5590049651436882 0.6886701408994403