3 0.1731601731601732 0.35064935064935066 0.12121212121212126 0.35064935064935066 0.12121212121212127 0.4069264069264069 0.1731601731601732 0.4069264069264069
3 0.25513045513045507 0.33511173511173514 0.19897039897039892 0.25789165789165786 0.14491634491634484 0.2972036972036972 0.20107640107640104 0.37442377442377445
3 0.7621734587251829 0.005433646812957248 0.6747574264815644 -0.001851022540677634 0.6681892819823854 0.07696671144947016 0.755605314226004 0.08425138080310504
3 0.8051948051948052 0.3939393939393941 0.7359307359307359 0.3939393939393941 0.7359307359307359 0.4935064935064936 0.8051948051948052 0.4935064935064936
3 0.618202935276106 0.7110125646711012 0.6099144757681344 0.6364164290993559 0.5372188786822933 0.6444937176644494 0.545507338190265 0.7190898532361947
3 0.523809523809524 0.7012987012987013 0.458874458874459 0.7012987012987013 0.458874458874459 0.7662337662337663 0.523809523809524 0.7662337662337663
3 0.6147186147186147 0.7792207792207793 0.5584415584415584 0.7792207792207793 0.5584415584415584 0.8658008658008658 0.6147186147186147 0.8658008658008658
3 0.4873131734445603 0.8444402313015453 0.46746927038897845 0.7898694978986951 0.4087275255158467 0.8112301323980158 0.42857142857142855 0.865800865800866
3 0.6017316017316018 0.9264069264069265 0.5324675324675326 0.9264069264069265 0.5324675324675326 0.9956709956709957 0.6017316017316018 0.9956709956709957
3 0.2034632034632036 0.8095238095238095 0.15584415584415598 0.8095238095238095 0.15584415584415598 0.8961038961038961 0.2034632034632036 0.8961038961038961
3 0.6391941391941393 0.5899100899100901 0.6268731268731269 0.5283050283050283 0.5452880452880452 0.5446220446220447 0.5576090576090577 0.6062271062271064
3 0.3306558566674174 0.17974126066611623 0.2795836148437305 0.1718839926932413 0.26476991216875617 0.26817306008057457 0.3158421539924431 0.27603032805344946