3 0.49333333333333335 0.14000000000000004 0.43333333333333335 0.14000000000000004 0.43333333333333335 0.22000000000000008 0.49333333333333335 0.22000000000000008
3 0.5866666666666667 0.13333333333333341 0.5333333333333333 0.1333333333333334 0.5333333333333333 0.19333333333333338 0.5866666666666667 0.1933333333333334
3 0.6733333333333333 0.15333333333333343 0.6333333333333333 0.15333333333333343 0.6333333333333333 0.21333333333333343 0.6733333333333333 0.21333333333333343
3 0.8213333333333332 0.1573333333333333 0.8 0.09333333333333334 0.754 0.10866666666666665 0.7753333333333334 0.1726666666666666
3 0.8866666666666667 0.1400000000000001 0.8466666666666667 0.1400000000000001 0.8466666666666667 0.20666666666666675 0.8866666666666667 0.20666666666666675
3 0.8972549019607844 0.3090196078431373 0.8807843137254903 0.24313725490196086 0.8305882352941177 0.25568627450980397 0.8470588235294119 0.32156862745098036
3 0.5533333333333333 0.2800000000000001 0.48 0.2800000000000001 0.48 0.3400000000000001 0.5533333333333333 0.3400000000000001
3 0.7506666666666666 0.388 0.6086666666666666 0.34066666666666673 0.5819999999999999 0.42066666666666674 0.724 0.46800000000000014
3 0.42000000000000004 0.3666666666666667 0.37333333333333335 0.36666666666666664 0.3733333333333334 0.42000000000000004 0.4200000000000001 0.4200000000000001
3 0.5333333333333334 0.5000000000000001 0.4566666666666668 0.42333333333333345 0.41000000000000003 0.4700000000000001 0.48666666666666675 0.5466666666666667
3 0.24666666666666676 0.5533333333333333 0.20666666666666672 0.5533333333333333 0.20666666666666675 0.6066666666666667 0.24666666666666676 0.6066666666666667
3 0.2400000000000001 0.6533333333333333 0.1800000000000001 0.6533333333333333 0.1800000000000001 0.7333333333333333 0.2400000000000001 0.7333333333333333
3 0.34666666666666673 0.6466666666666666 0.28666666666666674 0.6466666666666666 0.28666666666666674 0.72 0.34666666666666673 0.72
3 0.84 0.7000000000000002 0.7533333333333333 0.7000000000000001 0.7533333333333334 0.7866666666666667 0.8400000000000001 0.7866666666666668
3 0.6733333333333336 0.8333333333333334 0.35333333333333344 0.8333333333333334 0.35333333333333344 0.9933333333333333 0.6733333333333336 0.9933333333333333