3 0.4814827886440767 0.9007239030474385 0.10926445013383976 0.6964577416698695 0.048825329127052064 0.8065912510600161 0.42104366763728895 1.010857412437585
3 0.6012600942719782 0.8083058079531696 0.4542099138387033 0.7690924265042963 0.4295722497149507 0.8614836669683684 0.5766224301482256 0.9006970484172419
3 0.5927012733372652 0.5542497752081138 0.458783319958619 0.44852507517234036 0.3897504568351235 0.5359667017954345 0.5236684102137699 0.6416914018312079
3 0.5213183589537108 0.3531010483024404 0.3336880401489769 0.33969888267353077 0.3266705972016508 0.4379430839360953 0.5143009160063848 0.45134524956500494
3 0.42233780708679697 0.16752890911624022 0.32538893790925555 0.1447174104862305 0.3082988900756978 0.21735011377885113 0.4052477592532392 0.24016161240886086
3 0.7478137063511868 0.24975267507228935 0.7395763918448826 0.12207430022457397 0.5473763008410516 0.1344743060957889 0.5556136153473558 0.26215268094350425
3 0.9800872603957734 0.2830586629722298 0.9508901801038027 0.20276669216930998 0.8205578875540209 0.2501602530965033 0.8497549678459917 0.33045222389942314
3 0.8427762039660056 0.35269121813031173 0.7705382436260623 0.2804532577903684 0.6926345609065155 0.3583569405099151 0.7648725212464589 0.4305949008498585
3 0.8753541076487252 0.444759206798867 0.7847025495750708 0.444759206798867 0.7847025495750708 0.529745042492918 0.8753541076487252 0.529745042492918
3 0.9263456090651558 0.5892351274787537 0.8555240793201133 0.5892351274787537 0.8555240793201133 0.6572237960339945 0.9263456090651558 0.6572237960339945
3 0.8611898016997167 0.8413597733711048 0.7790368271954674 0.8413597733711048 0.7790368271954674 0.8980169971671388 0.8611898016997167 0.8980169971671388
3 0.9971671388101983 0.8923512747875354 0.9603399433427762 0.8923512747875354 0.9603399433427762 0.9971671388101983 0.9971671388101983 0.9971671388101983