3 0.4338461538461539 0.5025641025641026 0.3861538461538461 0.4707692307692308 0.35641025641025637 0.5153846153846154 0.40410256410256407 0.5471794871794873
3 0.6266666666666667 0.22000000000000008 0.56 0.22000000000000008 0.56 0.32666666666666677 0.6266666666666667 0.32666666666666677
3 0.10000000000000002 0.23333333333333334 0.07333333333333336 0.23333333333333334 0.07333333333333336 0.2733333333333333 0.10000000000000002 0.2733333333333333
3 0.11333333333333338 0.35333333333333333 0.07333333333333338 0.35333333333333333 0.07333333333333338 0.41333333333333333 0.11333333333333338 0.41333333333333333
3 0.5133333333333333 0.4533333333333333 0.4666666666666667 0.4533333333333333 0.4666666666666667 0.5133333333333333 0.5133333333333333 0.5133333333333333
3 0.62 0.47333333333333333 0.5733333333333334 0.47333333333333333 0.5733333333333334 0.5733333333333334 0.62 0.5733333333333334
3 0.74 0.44666666666666666 0.7066666666666667 0.44666666666666666 0.7066666666666667 0.4866666666666667 0.74 0.4866666666666667
3 0.82 0.47333333333333355 0.78 0.47333333333333355 0.78 0.5266666666666668 0.82 0.5266666666666668
3 0.36333333333333345 0.7366666666666668 0.32 0.6933333333333334 0.2866666666666666 0.7266666666666668 0.33000000000000007 0.7700000000000002
3 0.5071794871794872 0.6558974358974359 0.4483076923076924 0.5802051282051283 0.3952307692307693 0.6214871794871796 0.45410256410256417 0.6971794871794872
3 0.6880000000000001 0.7440000000000001 0.5519999999999999 0.676 0.52 0.74 0.656 0.8080000000000002
3 0.4533333333333333 0.8266666666666669 0.3866666666666666 0.7600000000000001 0.35 0.7966666666666667 0.41666666666666674 0.8633333333333335
3 0.24666666666666676 0.86 0.21333333333333343 0.86 0.21333333333333343 0.9066666666666666 0.24666666666666676 0.9066666666666666
3 0.7466666666666668 0.8733333333333333 0.7000000000000002 0.8733333333333333 0.7000000000000002 0.9133333333333333 0.7466666666666668 0.9133333333333333
3 0.8870270270270271 0.9021621621621624 0.8772972972972974 0.843783783783784 0.834054054054054 0.8509909909909912 0.8437837837837837 0.9093693693693694
3 0.4266666666666667 0.06666666666666671 0.34 0.06666666666666671 0.34 0.18000000000000005 0.4266666666666667 0.18000000000000005