3 0.5235080213903743 0.3106964819826236 0.48115508021390374 0.2981626548924656 0.47486631016042785 0.3358495940749182 0.5172192513368984 0.34838342116507626
3 0.5334612176814013 0.2671213097274364 0.4890909090909092 0.24939467312348682 0.48018348623853224 0.28893529111224664 0.5245537948290244 0.3066619277161962
3 0.6050909090909091 0.272639225181598 0.5934545454545456 0.24164648910411618 0.5694545454545454 0.2576271186440678 0.5810909090909091 0.28861985472154955
3 0.6995577395577396 0.2749165630521563 0.6952825552825553 0.2407564949937831 0.6566584766584768 0.2493292323800798 0.660933660933661 0.283489300438453
3 0.6006711409395973 0.34441067975364426 0.5672727272727273 0.33656174334140443 0.5632458816351434 0.36694996506167027 0.5966442953020133 0.3747989014739101
3 0.5254545454545455 0.3801452784503632 0.49818181818181817 0.3438256658595643 0.48 0.368038740920097 0.5072727272727273 0.4043583535108959
3 0.38524475524475527 0.26494691748929045 0.3804195804195804 0.2328180294281989 0.3384615384615385 0.24399329484075244 0.3432867132867133 0.276122182901844
3 0.43692307692307686 0.14173961631588758 0.41300699300699295 0.12050661203203587 0.399020979020979 0.14844477556341976 0.4229370629370629 0.16967777984727148
3 0.24545454545454545 0.5883777239709442 0.2415768302493966 0.5109173112772932 0.20525341914722448 0.5141421500353553 0.2091311343523733 0.5916025627290064
3 0.29454545454545455 0.4648910411622276 0.26545454545454544 0.4648910411622276 0.26545454545454544 0.513317191283293 0.29454545454545455 0.513317191283293
3 0.44425705329153603 0.4837855890456708 0.44159247648902816 0.42346163480003335 0.4032225705329153 0.42646739584203047 0.4058871473354232 0.486791350087668
3 0.45818181818181825 0.5520581113801454 0.42909090909090913 0.5520581113801454 0.4290909090909092 0.5859564164648912 0.4581818181818183 0.5859564164648912
3 0.5454545454545454 0.6222760290556899 0.5362237762237761 0.6038368411249767 0.5173426573426574 0.6205997392438071 0.5265734265734265 0.6390389271745204
3 0.58 0.5351089588377725 0.5363636363636364 0.5351089588377725 0.5363636363636364 0.5714285714285716 0.58 0.5714285714285716
3 0.62 0.5641646489104117 0.5763636363636364 0.5641646489104117 0.5763636363636364 0.6198547215496368 0.62 0.6198547215496368
3 0.5250026274303731 0.8834973197665469 0.5217025748817656 0.8549314895939761 0.49588018917498683 0.8602219765147168 0.4991802417235943 0.8887878066872874
3 0.4426904887020494 0.7999552128091367 0.41085654230162905 0.7934330781396521 0.40780872306883875 0.8198155327576315 0.4396426694692591 0.8263376674271161
3 0.23749732620320857 0.6263780088306509 0.19456684491978607 0.613673265916536 0.18746524064171124 0.6562313060817547 0.23039572192513372 0.6689360489958694
3 0.2836363636363637 0.5907990314769977 0.2606388206388207 0.5856946534912637 0.25700245700245705 0.614750343563903 0.28 0.6198547215496369
3 0.3290909090909092 0.585956416464891 0.30363636363636376 0.585956416464891 0.30363636363636376 0.6174334140435835 0.3290909090909092 0.6174334140435835
3 0.21687700534759366 0.7368750890186585 0.19143315508021397 0.7342686227033188 0.18910160427807493 0.7746332431277597 0.21454545454545462 0.7772397094430994
3 0.09090909090909098 0.7772397094430993 0.07090909090909099 0.7772397094430993 0.07090909090909099 0.7990314769975787 0.09090909090909098 0.7990314769975787
3 0.15665847665847674 0.7384333486028403 0.11710073710073715 0.7008049211439044 0.09867321867321871 0.735161311432498 0.1382309582309583 0.7727897388914339