3 0.34365325077399383 0.3626943005181347 0.3157894736842105 0.3626943005181347 0.3157894736842105 0.4170984455958549 0.34365325077399383 0.4170984455958549
3 0.4136991187674634 0.4080062145552231 0.41152004609664744 0.3131883270447954 0.3804276744515734 0.3151896893487728 0.38260674712238935 0.4100075768592006
3 0.4184119468220725 0.4943614751600122 0.3900018211619013 0.48247485522706496 0.379621198324531 0.5519658640658337 0.40803132398470227 0.563852483998781
3 0.39300202839756593 0.6216276576737537 0.39113910536991564 0.5686260496694657 0.3518469093626561 0.5724941933178488 0.3537098323903064 0.6254958013221368
3 0.35796683489545783 0.5216126055788204 0.32929725603291066 0.5036198452693591 0.32166334450146317 0.5376889772162681 0.3503329233640104 0.5556817375257294
3 0.31504085672232657 0.6494309012146438 0.31198294675937677 0.5931368385288373 0.2872785870172055 0.5968954387157055 0.2903364969801553 0.653189501401512
3 0.32230169744848935 0.7293192781847418 0.3027009714956763 0.7265856708951224 0.3002775701932316 0.7752546006789351 0.3198782961460446 0.7779882079685546
3 0.37181471778994996 0.7488043045037864 0.3600619195046439 0.6766839378238343 0.3342581567039771 0.6884615384615386 0.3460109549892831 0.7605819051414907
3 0.30959752321981426 0.689119170984456 0.2904739223624673 0.6803905938620965 0.2829006906406287 0.7268632921482663 0.30202429149797577 0.7355918692706258
3 0.18346749226006193 0.37212435233160623 0.16142414860681115 0.34445595854922284 0.13504643962848298 0.40331606217616583 0.15708978328173379 0.4309844559585493
3 0.18011291203788019 0.18805242304175565 0.1455108359133127 0.17357512953367882 0.13704243307230016 0.23026516306004272 0.17164450919686763 0.24474245656811955
3 0.08359133126934991 0.683937823834197 0.03790477784285838 0.6711945105727489 0.03326081499456116 0.7178266349250806 0.0789473684210527 0.7305699481865287
3 0.10061919504643965 0.29533678756476683 0.06656346749226008 0.29533678756476683 0.06656346749226008 0.344559585492228 0.10061919504643967 0.344559585492228
3 0.043450411017401526 0.28801143469715923 0.0030959752321981643 0.25906735751295334 -0.010595708337781552 0.31253350008933356 0.029758727447421814 0.34147757727353945
3 0.04798761609907123 0.16839378238341968 0.0030959752321981556 0.16839378238341968 0.003095975232198158 0.24611398963730569 0.04798761609907123 0.24611398963730569
3 0.46263372467277697 0.3636946596214026 0.4387242129785735 0.3596932232083313 0.43625662875885124 0.4009900990099011 0.4601661404530547 0.40499153542297245
3 0.3721544345292297 0.27887839073453224 0.34279730468038616 0.27509905516610794 0.3393006738299036 0.35117342273697055 0.36865780367874706 0.35495275830539474
3 0.5411230575970087 0.5618202585707429 0.5020128784656622 0.4909119502060952 0.4602864518936884 0.555372543826251 0.49939663102503484 0.6262808521908988
3 0.5527542496641159 0.503685599765373 0.5422220924119399 0.409678365431616 0.5036217068754015 0.42179098641118384 0.5141538641275775 0.5157982207449409
3 0.6238543358979861 0.6194274867901299 0.6190877601692057 0.5396552608628739 0.5542561996137695 0.5505053095983173 0.5590227753425498 0.6302775355255734
3 0.5340557275541795 0.7668393782383419 0.5077399380804953 0.7668393782383419 0.5077399380804953 0.8134715025906736 0.5340557275541795 0.8134715025906736
3 0.5851393188854489 0.7720207253886009 0.580304834484401 0.707293742526903 0.5460109549892832 0.7144679155041848 0.550845439390331 0.7791948983658827
3 0.5185758513931888 0.7098445595854922 0.47523219814241485 0.7098445595854922 0.47523219814241485 0.7616580310880829 0.5185758513931888 0.7616580310880829
3 0.18957483983692486 0.8488431744728878 0.18663213070533058 0.7995947263120097 0.1648683444195813 0.8032370594572411 0.16781105355117557 0.8524855076181193
3 0.26315789473684204 0.9222797927461139 0.25153338395934344 0.854189070290351 0.18692680647234067 0.8850816306579334 0.19855131724983932 0.9531723531136964
3 0.5371517027863777 0.36010362694300535 0.5154798761609907 0.36010362694300535 0.5154798761609907 0.40932642487046644 0.5371517027863777 0.40932642487046644
3 0.6203737172133081 0.43352357907472194 0.5870409077336518 0.42953893900739076 0.5840470839685059 0.49968438494516204 0.6173798934481621 0.5036690250124932
3 0.7411764705882354 0.46528497409326425 0.6941176470588236 0.30777202072538856 0.6408668730650156 0.35233160621761656 0.6879256965944274 0.5098445595854922
3 0.7410154798761609 0.648518134715026 0.7383405572755416 0.6238963730569949 0.7155913312693497 0.6308186528497409 0.718266253869969 0.6554404145077721
3 0.76637716101811 0.6170846898069604 0.7642401161675663 0.5634371131184372 0.7398901339762733 0.5661538814250997 0.7420271788268171 0.6198014581136229
3 0.6590608601391137 0.6569384697846374 0.6504216931781788 0.5882615686975166 0.617889316832415 0.5997237531094954 0.6265284837933499 0.6684006541966163
3 0.6518419506362041 0.5085569861926589 0.6217927792648692 0.5068806679969868 0.6198255807960197 0.6056483009666866 0.6498747521673545 0.6073246191623587
3 0.6798761609907122 0.6440414507772022 0.6571645540043228 0.6369146544139214 0.6487353233249606 0.7121517254863625 0.67144693031135 0.7192785218496435
3 0.7601152983879579 0.8460782562086833 0.7450624532934772 0.7830980882615686 0.6850112095654959 0.8232981954618546 0.7000640546599766 0.8862783634089691
3 0.7213026911169328 0.7741131925069747 0.7180281019290309 0.7467118373854127 0.6817099309359372 0.7588680749302512 0.6849845201238391 0.7862694300518135
3 0.7430340557275542 0.7020725388601039 0.6996904024767802 0.7020725388601038 0.6996904024767802 0.7512953367875649 0.7430340557275542 0.7512953367875651
3 0.8253323620469861 0.8293812861932335 0.8070333272627939 0.7566473636086557 0.7541613549444546 0.7939042974702836 0.7724603897286468 0.8666382200548612
3 0.8061919504643962 0.7373056994818653 0.7916408668730651 0.6886010362694303 0.7476780185758514 0.7253886010362695 0.7622291021671826 0.7740932642487045
3 0.8690710363819854 0.6527924884779435 0.8507688623573884 0.6252254315403771 0.8306022612592581 0.662725789368219 0.8489044352838551 0.6902928463057852
3 0.8530242392207205 0.6034121066599267 0.8450049082534171 0.540780993302161 0.8192101487578344 0.5500315935801846 0.8272294797251378 0.6126627069379503
3 0.9228737934802405 0.5629381286193236 0.8769805135676563 0.5437366656507164 0.8658714259697687 0.6181042365132583 0.9117647058823529 0.6373056994818654
3 0.8204334365325078 0.39119170984455964 0.7554179566563467 0.35751295336787564 0.7471727003214496 0.4020945187083355 0.8121881801976106 0.4357732751850195
3 0.9174467310143873 0.33553794574824747 0.9116918594063013 0.29219750076196277 0.8751411400473502 0.30579091740323067 0.8808960116554363 0.34913136238951537
3 0.9391731924968131 0.30524230417555637 0.9352576944090331 0.2790307832977751 0.9046621744673102 0.2918317586101798 0.9085776725550903 0.318043279487961
3 0.9755240318733187 0.3961819417310798 0.9284880475054561 0.38902573685551706 0.9221311475409837 0.5060519833517373 0.9691671319088463 0.5132081882273
3 0.9149526043696639 0.6898391444008222 0.8983255259848656 0.6600248606205309 0.8659501555341477 0.710595301096575 0.8825772339189457 0.7404095848768661