3 0.3760217983651226 0.29094827586206906 0.3133514986376022 0.290948275862069 0.3133514986376022 0.37284482758620696 0.3760217983651226 0.372844827586207
3 0.4782016348773842 0.3081896551724139 0.41825613079019075 0.3081896551724139 0.41825613079019075 0.41379310344827597 0.4782016348773842 0.41379310344827597
3 0.55858310626703 0.35344827586206906 0.49727520435967304 0.35344827586206906 0.49727520435967304 0.45689655172413807 0.55858310626703 0.45689655172413807
3 0.6553133514986376 0.46551724137931044 0.5980926430517711 0.46551724137931044 0.5980926430517711 0.5495689655172415 0.6553133514986376 0.5495689655172415
3 0.6029658352546636 0.5843003978779842 0.5599979040033536 0.5707062334217506 0.551561517501572 0.6374336870026527 0.5945294487528819 0.651027851458886
3 0.7110156910645495 0.6594262782401905 0.6556497228225124 0.606114744351962 0.6244216856149581 0.6872711058263973 0.6797876538569952 0.7405826397146257
3 0.728882833787466 0.724137931034483 0.6866485013623979 0.724137931034483 0.6866485013623979 0.786637931034483 0.728882833787466 0.786637931034483
3 0.794609883954135 0.7361828286364434 0.75665638528887 0.7318943637318398 0.7545678363462844 0.7781485209172064 0.7925213350115494 0.7824369858218101
3 0.9604904632152589 0.6573275862068968 0.8950953678474114 0.6573275862068968 0.8950953678474114 0.7392241379310347 0.9604904632152589 0.7392241379310347
3 0.8746594005449592 0.7090517241379313 0.8269754768392371 0.7090517241379313 0.8269754768392371 0.7500000000000002 0.8746594005449592 0.7500000000000002
3 0.9986376021798365 0.41379310344827613 0.9577656675749319 0.41379310344827613 0.9577656675749319 0.5150862068965519 0.9986376021798365 0.5150862068965519
3 0.9986376021798367 0.3469827586206896 0.9940281252439493 0.24854459707390503 0.9407329068328061 0.25478959872042145 0.9453423837686935 0.35322776026720604
3 0.8591787031901811 0.27250534025022904 0.8152323310265006 0.2678707659444616 0.8120192423621327 0.34411237412267326 0.8559656145258133 0.3487469484284408
3 0.4388787279310215 0.7019367028814362 0.43709827927289013 0.6258915918752952 0.3722462767347244 0.6296911903637222 0.3740267253928558 0.7057363013698631
3 0.5013623978201635 0.44827586206896564 0.4604904632152589 0.44827586206896564 0.4604904632152589 0.5129310344827588 0.5013623978201635 0.5129310344827588
3 0.4951611387766606 0.5374554102259216 0.4539509536784741 0.5336206896551725 0.4515221272197688 0.5989372770511296 0.49273231231795533 0.6027719976218788
3 0.11307901907356956 0.8275862068965517 0.07493188010899188 0.8275862068965517 0.07493188010899189 0.8771551724137931 0.11307901907356956 0.8771551724137931
3 0.18793504184290852 0.7247187236003378 0.16573918426051232 0.6244000076799017 0.11737254449791544 0.6511788649105291 0.13956840208031165 0.7514975808309653
3 0.3109306225110039 0.23552718832891262 0.28744498008803177 0.20663129973474814 0.26756445189687694 0.24706564986737414 0.2910500943198491 0.2759615384615386
3 0.24257327041935275 0.15396341463414637 0.2373230544294544 0.0792157275021026 0.20308034824217452 0.08523444070647603 0.20833056423207286 0.1599821278385198