3 0.5250000000000001 0.685 0.48000000000000015 0.685 0.48000000000000015 0.74 0.5250000000000001 0.74
3 0.64152 0.45164000000000004 0.58256 0.44092000000000003 0.57024 0.50868 0.6292 0.5194
3 0.745 0.23500000000000007 0.655 0.23500000000000007 0.655 0.2800000000000001 0.745 0.2800000000000001
3 0.505 0.31000000000000005 0.46204379562043796 0.2943795620437957 0.442043795620438 0.3493795620437956 0.485 0.365
3 0.16500000000000004 0.42500000000000004 0.13965753424657534 0.3692465753424658 0.08164383561643834 0.39561643835616445 0.10698630136986303 0.45136986301369875
3 0.13000000000000006 0.47 0.07500000000000007 0.47 0.07500000000000007 0.595 0.13000000000000006 0.595
3 0.26635135135135146 0.4818918918918919 0.22175675675675685 0.4744594594594595 0.21256756756756764 0.5295945945945947 0.25716216216216226 0.5370270270270271
3 0.21000000000000008 0.625 0.13500000000000006 0.625 0.1350000000000001 0.805 0.21000000000000008 0.805
3 0.9605882352941176 0.6126470588235294 0.9310294117647058 0.5633823529411763 0.8567647058823529 0.6079411764705881 0.8863235294117646 0.6572058823529412
3 0.9914999999999999 0.3055000000000001 0.9359999999999999 0.2870000000000001 0.9069999999999999 0.37400000000000005 0.9624999999999999 0.3925
3 0.8117307692307691 0.18134615384615396 0.7780769230769231 0.1746153846153847 0.77 0.21500000000000008 0.8036538461538462 0.22173076923076934
3 0.95 0.15499999999999997 0.9487837837837838 0.14770270270270272 0.9187837837837839 0.15270270270270273 0.92 0.16
3 0.945 0.11000000000000011 0.895 0.11000000000000011 0.895 0.1400000000000001 0.945 0.1400000000000001
3 0.730945945945946 0.4206756756756757 0.7244594594594596 0.3817567567567567 0.6685135135135135 0.391081081081081 0.675 0.43
3 0.455 0.52 0.37 0.52 0.37000000000000005 0.585 0.45500000000000007 0.585
3 0.84 0.845 0.825 0.8 0.7635 0.8205 0.7785 0.8654999999999999
3 0.945 0.715 0.9 0.715 0.9 0.745 0.945 0.745