3 0.34641673931996514 0.38129017269418425 0.2963905841325197 0.3672578022148224 0.2910287707061901 0.4275846046619686 0.3410549258936356 0.44161697514133047
3 0.6012903225806453 0.35644699140401165 0.5420244716351503 0.34767315482659833 0.5388654060066742 0.41501827882620307 0.5981312569521692 0.42379211540361644
3 0.6645161290322581 0.2951289398280804 0.5887096774193549 0.2951289398280804 0.5887096774193549 0.3753581661891119 0.6645161290322581 0.3753581661891119
3 0.7847419354838711 0.5163896848137538 0.7361935483870968 0.5040687679083097 0.7315161290322582 0.5622349570200575 0.7800645161290324 0.5745558739255017
3 0.5888045540796965 0.5135681779875273 0.5804554079696395 0.4542390021911343 0.5277039848197342 0.4776672846789145 0.5360531309297912 0.5369964604753075
3 0.48060290181715737 0.6911074686252675 0.43834342865192283 0.6810975838640658 0.4338498380053529 0.7409692070920034 0.4761093111705874 0.7509790918532052
3 0.4346034329683338 0.7192371388764753 0.38410772417875116 0.6709339922714965 0.3678455164249778 0.7245866302147683 0.4183412252145604 0.7728897768197471
3 0.3532315463207439 0.544953043265456 0.31015956836184133 0.5210413076507356 0.3014636666284009 0.5704758894247928 0.3445356445873034 0.594387625039513
3 0.27741935483870966 0.5128939828080229 0.2719677419354839 0.4451002865329513 0.23516129032258062 0.45444126074498575 0.24061290322580642 0.5222349570200573
3 0.27741935483870966 0.5415472779369628 0.2403225806451613 0.5415472779369628 0.2403225806451613 0.6017191977077364 0.27741935483870966 0.6017191977077364
3 0.2189592209373098 0.520462777747743 0.2065429093122337 0.44326106936259935 0.17565429093122334 0.45893928745201923 0.18807060255629945 0.5361409958371628
3 0.804750331418471 0.07599010872551717 0.795603181617322 0.032656906229147825 0.7577772867874503 0.0578561055069278 0.7669244365885992 0.10118930800329715